0.000000
0.081315
0.218005
0.294490
0.572132
0.738775
0.870794
1.018775
1.158707
1.298141
1.435556
1.597891
1.727755
1.865193
1.991950
2.140000
2.283900
2.423175
2.561905
2.719184
2.846689
2.991088
3.118662
3.281519
3.415261
3.548050
3.687891
3.830250
3.972880
4.250068
4.391293
4.541587
4.686780
4.828708
4.970680
5.109910
5.261769
5.401542
5.565487
5.702653
5.835964
5.980952
6.120386
6.260340
6.531610
6.678118
6.828957
6.971837
7.115057
7.257868
7.398481
7.546236
7.688118
7.860227
7.991157
8.127778
8.268231
8.409274
8.547619
8.821361
8.963379
9.095896
9.245329
9.650476
9.928141
