0.000000
0.250204
0.497302
0.733447
0.963719
1.076054
1.163741
1.421179
1.648458
1.879501
2.108912
2.365918
2.593923
2.716667
2.808005
2.930544
3.017687
3.267302
3.457370
3.723379
3.824422
3.998073
4.212381
4.450521
4.575896
4.660431
4.777506
4.868798
5.127483
5.344036
5.574059
5.775034
6.053741
6.291179
6.406190
6.500862
6.627551
6.717619
6.958367
7.175215
7.421202
7.653878
7.893583
8.144467
8.271428
8.356644
8.475215
8.560022
8.802948
9.036282
9.266327
9.491157
9.747551
9.978730
10.096190
10.191701
10.313469
10.401338
10.654468
10.821361
10.879184
11.116282
11.345306
11.607778
11.846462
11.960861
12.056984
12.165102
12.266168
12.510181
12.597846
12.653378
12.737982
12.930567
13.194331
13.439547
13.676394
13.790181
13.880680
14.102471
14.337936
14.524218
