0.000000
0.164082
0.322540
0.634512
0.936780
1.095215
1.240249
1.390726
1.543220
1.696304
1.835374
1.980952
2.144059
2.284399
2.486122
2.607959
2.915896
3.055079
3.230204
3.421860
3.542449
3.700862
3.850884
3.996032
4.136395
4.291383
4.409637
4.710952
4.907664
5.044739
5.195148
5.348708
5.497029
5.653832
5.951270
6.098979
6.237030
6.393968
6.534399
6.672857
6.814195
7.135918
7.272812
7.414671
7.735147
7.876485
8.018776
8.344513
8.496009
8.640272
8.750181
8.920975
9.059592
9.233356
9.422313
9.517529
9.679456
9.818232
9.994649
10.082789
10.254875
10.410544
10.676689
10.760000
10.863401
11.022902
11.118866
11.422585
11.579886
11.851202
12.086848
