0.000000
0.384490
0.777778
0.956236
1.139796
1.331519
1.513991
1.692449
1.867415
2.048685
2.205442
2.388844
2.561542
2.742585
2.903628
3.299909
3.469728
3.625420
3.807007
3.979206
4.153515
4.328208
4.505329
4.703810
4.884852
5.020227
5.237324
5.396054
5.574490
5.738798
5.916825
6.103288
6.284263
6.435420
6.618458
6.771996
6.945737
7.116893
7.298776
7.485578
7.669410
7.833265
8.012630
8.175442
8.349388
8.518322
8.886826
9.077959
9.243650
9.414694
9.573469
9.755896
9.920249
10.098118
10.287506
10.461633
10.625647
10.768572
10.941701
11.121157
11.287415
11.456304
11.661792
11.836780
12.000476
12.170975
