0.000000
0.097755
0.344082
0.563220
0.790385
0.902653
0.999297
1.226576
1.440544
1.669524
1.771338
1.880408
2.107075
2.316689
2.544852
2.659274
2.752540
2.979569
3.194059
3.423129
3.538753
3.624036
3.836644
4.053243
4.280136
4.395510
4.489841
4.720567
4.929116
5.163333
5.261406
5.373855
5.595306
5.805578
6.036326
6.149569
6.244218
6.473492
6.682199
6.915782
7.030408
7.113424
7.343220
7.564716
7.798231
7.898436
8.001020
8.227075
8.429637
8.660227
8.760408
8.870862
9.091519
9.299252
9.505487
9.634172
9.708277
9.902699
9.959138
10.126440
10.231497
10.331383
