0.000000
0.196712
0.302880
0.484082
0.579433
0.750975
0.883379
1.045578
1.176599
1.336259
1.475624
1.649592
1.753311
1.923107
2.056258
2.218163
2.340476
2.503061
2.637029
2.811587
2.898526
3.077528
3.211360
3.373152
3.501179
3.658118
3.786916
3.944943
4.066531
4.240136
4.366621
4.522358
4.651179
4.812834
4.947301
5.116712
5.199841
5.399841
5.533673
5.695646
5.823900
5.979524
6.104989
6.278912
6.543991
6.677075
6.832948
6.967234
7.129818
7.258254
7.389705
7.482154
7.716803
7.837732
8.011021
8.140022
8.301678
8.432812
8.614399
8.704309
8.883152
9.005216
9.172290
9.300318
9.462744
9.589342
9.756939
10.017030
10.142835
10.306281
10.432948
10.595374
10.720998
10.884105
11.153832
11.280589
11.442290
11.576122
11.733039
11.872585
12.031020
12.316236
12.447483
12.608844
12.742857
12.905148
13.033061
13.198050
13.468753
13.573991
13.758345
13.886304
14.060226
14.181088
14.336100
14.613379
14.740294
14.912993
15.041904
15.216327
15.331656
15.504762
15.622766
15.771338
15.901270
16.069410
16.191202
16.365601
16.485872
16.673038
16.939751
17.073538
17.247143
17.375216
17.543287
17.659706
17.890635
17.970997
18.203129
18.354353
18.416214
