0.000000
0.419410
0.550635
0.822268
0.956190
1.044014
1.231587
1.319161
1.493333
1.605737
1.872857
1.954762
2.040590
2.127596
2.252313
2.508549
2.639388
2.879365
3.142109
3.227098
3.294399
3.409615
3.558549
3.695351
3.821859
3.958571
4.079070
4.210793
4.268549
4.484762
4.622222
4.760725
5.028368
5.100862
5.175170
5.278322
5.406961
5.496576
5.552199
5.670952
5.758390
5.918911
6.061406
6.162268
6.232200
6.329252
6.463719
6.551655
6.709184
6.850703
7.358707
7.479592
7.559161
7.648571
7.725601
7.803991
7.901814
8.147346
8.277347
8.407188
