0.000000
0.222630
0.316848
0.463696
0.593787
0.756463
0.877596
1.033832
1.168299
1.341020
1.453946
1.587052
1.730181
1.893923
2.015374
2.168549
2.268708
2.429660
2.584694
2.730045
2.841474
2.998163
3.138027
3.286395
3.414490
3.578209
3.704853
3.848662
3.971111
4.125397
4.274195
4.407528
4.552744
4.698072
4.838617
4.973968
5.108934
5.267506
5.394195
5.540862
5.675442
5.833242
5.956735
6.128458
6.234739
6.404467
6.529116
6.666667
6.794445
6.930295
7.078073
7.213832
7.340363
7.471587
7.623764
7.759138
7.871655
8.031542
8.163673
8.431928
8.484150
8.595102
8.716848
8.879003
