0.000000
0.434104
0.651859
0.754739
0.851587
0.954580
1.053583
1.167868
1.265782
1.477460
1.585964
1.686871
1.797687
1.895488
2.015692
2.105283
2.312630
2.412154
2.511746
2.618526
2.718889
2.834898
2.926893
3.134943
3.240091
3.339320
3.445601
3.546077
3.667007
3.754648
3.965601
4.075215
4.169796
4.374830
4.489909
4.584626
4.797324
5.009705
5.116100
5.217642
5.334082
5.429456
5.641293
5.744331
5.843379
5.948209
6.045102
6.158095
6.251814
6.467279
6.575419
6.674467
6.784467
6.881633
6.996712
7.090385
7.300272
7.403900
7.501950
7.601860
7.705193
7.820023
7.910091
8.123356
8.222063
8.329455
8.445510
8.532426
8.649229
8.743061
8.959229
9.065170
9.158299
9.263470
9.364830
9.485623
9.568707
9.780930
9.894785
9.992426
10.104649
10.196916
10.313174
10.405034
10.625737
10.807461
10.939297
11.045963
11.147279
11.234468
11.443968
11.576168
