0.000000
0.265941
0.386961
0.558821
0.749478
0.935465
1.128073
1.300952
1.479025
1.643220
1.842698
2.013197
2.195329
2.377914
2.566531
2.740816
2.922154
3.092200
3.277687
3.452064
3.636735
3.802177
3.990204
4.153401
4.276531
4.352948
4.524943
4.710499
4.883900
5.072177
5.233809
5.414898
5.596553
5.700771
5.783787
6.155238
6.511814
6.902857
7.083492
7.275669
7.457256
7.640998
7.809886
8.000454
8.179161
8.253991
8.365011
8.528005
8.715737
9.080091
9.260499
9.406463
9.460318
9.642653
9.833379
9.986463
10.075714
10.186803
10.364172
10.464240
10.541179
10.630657
10.728209
10.895193
11.159388
11.259115
11.411157
11.630522
11.796009
11.995805
12.191973
12.361224
12.538843
12.734127
12.898707
13.086304
13.273787
13.324081
13.463832
13.799207
13.922177
14.032358
14.156191
14.330771
14.383787
14.517075
14.586145
14.671860
14.885238
14.998594
15.104807
15.242472
15.411270
15.580317
15.700000
15.760930
15.834263
15.946734
16.063175
16.134512
16.295397
16.416985
16.484444
16.648933
16.759842
16.827324
16.880772
16.997324
17.113085
17.171179
