0.000000
0.054535
0.568889
0.839955
1.146281
1.401134
1.696621
1.831950
1.938730
2.080453
2.196871
2.488594
2.577483
2.729252
2.833197
2.934875
2.989637
3.172358
3.299728
3.438753
3.515329
3.824512
3.934581
4.074535
4.194762
4.327211
4.605805
4.721587
4.854399
5.017959
5.069864
5.139456
5.265238
5.367596
5.523197
5.655238
5.742268
5.794966
5.892631
6.099569
6.205329
6.265601
6.319637
6.445148
6.698934
6.857438
6.952540
7.234195
7.361361
7.503334
7.775782
7.832200
7.892585
7.961225
8.036282
8.199229
8.312835
8.451859
8.515328
8.809751
8.953061
9.101995
9.221247
9.272086
9.344127
9.479229
9.619547
9.872857
10.017234
10.144399
10.302245
10.353991
10.428594
10.550680
10.676327
10.790998
11.054354
11.326894
11.578775
11.722063
11.839569
11.958209
12.100000
12.240113
12.373832
12.497709
12.605351
12.740681
