0.000000
0.124059
0.379229
0.641542
0.878186
1.027687
1.128617
1.281882
1.377460
1.637891
1.904104
2.028503
2.136848
2.412971
2.678481
2.928708
3.179592
3.333469
3.436100
3.680159
3.921338
4.189456
4.437143
4.702404
5.198957
5.349411
5.442925
5.705601
5.955193
6.090658
6.200748
6.464036
6.717256
6.963696
7.114830
7.212063
7.369274
7.471519
7.732608
7.990862
8.121384
8.236259
8.751565
9.016916
9.162903
9.256394
9.411655
9.503152
9.760522
10.015692
10.127505
10.242993
10.507869
10.755079
10.812562
10.919501
11.000703
11.265782
11.527325
11.656122
11.766780
12.011497
12.266644
12.531519
12.779614
12.914241
13.042562
13.166213
13.432404
13.546463
13.686871
13.952335
14.063334
14.354581
14.824172
14.937937
15.069864
15.205442
15.463718
15.728662
