0.000000
0.350249
0.497891
0.561927
0.645125
0.816032
0.887279
0.966463
1.125125
1.258095
1.558435
1.610386
1.736304
1.878458
2.100658
2.198866
2.271202
2.429206
2.518186
2.697710
2.892857
3.083515
3.200227
3.349546
3.475420
3.532676
3.655306
3.847415
4.039002
4.120703
4.293197
4.475669
4.643039
4.713243
4.796463
4.987755
5.110907
5.249705
5.441769
5.751973
5.919841
5.989275
6.073651
6.228707
6.360725
6.657030
6.713016
6.840476
6.981225
7.179660
7.301746
7.374104
7.532199
7.622041
7.800295
7.995284
8.186553
8.301768
8.468753
8.543175
8.621904
8.815261
8.915329
9.266235
9.391270
9.579864
9.756893
9.854853
9.910567
10.099818
