0.000000
0.278390
0.537392
0.924422
1.279773
1.525828
1.546984
1.787732
2.048753
2.181293
2.295601
2.539070
2.802041
2.934649
3.047642
3.172063
3.286508
3.412925
3.535306
3.782449
4.025306
4.256780
4.276576
4.505805
4.531134
4.905873
4.919592
5.021361
5.151338
5.263152
5.389478
5.482313
5.514172
5.757551
6.265011
6.469773
6.516621
7.247982
7.958095
8.499728
8.875669
9.225215
9.347324
9.705034
10.332993
10.587302
10.684671
11.035578
11.321927
11.533379
11.642426
11.885873
12.170317
12.405873
12.423356
12.793175
12.925397
13.066961
13.163152
13.345601
13.409048
14.073673
14.181882
14.389365
14.415170
15.140408
15.517619
15.618005
