0.000000
0.152358
0.279388
0.594263
0.763515
0.893946
1.169048
1.220249
1.434218
1.518005
1.774762
1.829751
2.127868
2.295533
2.422812
2.728186
3.035147
3.323628
3.447120
3.562517
3.625646
3.875986
3.934399
4.005283
4.085238
4.228957
4.371791
4.523061
4.628685
4.815193
5.087574
5.424943
5.535442
5.671927
5.725714
6.038685
6.302766
6.635125
6.794082
6.964036
7.056236
7.213583
7.270522
7.543084
7.848073
8.100817
8.185715
8.386462
8.487506
8.730045
8.785079
8.839320
9.100613
9.231360
9.372154
9.518911
9.643062
9.788662
9.934059
10.080680
