0.000000
0.098753
0.315896
0.452517
0.611179
0.743197
0.891701
1.011950
1.174762
1.318526
1.469433
1.615442
1.759297
1.914150
2.061746
2.359411
2.497528
2.587052
2.649796
2.767324
2.939070
3.084785
3.232721
3.363152
3.513447
3.644875
3.791678
3.943333
4.093174
4.230930
4.378140
4.668571
4.813538
4.959501
5.091429
5.248594
5.389479
5.539819
5.660839
5.809456
5.945057
6.098617
6.231814
6.380295
6.531769
6.671496
6.957347
7.095352
7.247256
7.374535
7.529524
7.679524
7.839047
7.967574
8.106826
8.245215
8.402562
8.486281
8.677642
8.814966
8.940862
9.082199
