0.000000
0.219479
0.329906
0.424313
0.667604
0.780146
0.884146
0.992292
1.105969
1.322688
1.544729
1.778188
1.996531
2.221573
2.454656
2.516219
2.654896
2.762885
2.866969
3.031219
3.098698
3.282875
3.555677
3.727740
3.883948
3.975479
4.222219
4.323573
4.436708
4.530375
4.648594
4.843760
5.093604
5.330146
5.491990
5.549802
5.751125
5.946865
5.997979
6.104844
6.206500
6.293417
6.385823
6.546375
6.646656
6.719354
6.856448
7.108792
7.313385
7.427521
7.512011
7.765427
7.874761
7.979281
8.057187
8.178979
8.324427
8.399479
8.523708
8.621677
8.753729
8.854855
9.042583
9.259364
9.514177
9.630406
9.734385
9.849146
9.944781
10.113865
10.178437
10.284166
10.387156
10.625573
10.848583
10.943645
11.048906
11.285916
11.398520
11.492010
11.613459
11.709395
11.924469
12.042364
12.160406
12.399438
12.613791
12.807178
13.075135
13.182240
13.257895
13.384396
13.493917
13.723104
13.886782
14.181052
14.292344
14.351355
14.454333
14.598270
14.718532
14.833375
14.938156
15.048781
15.125292
15.220302
15.376927
15.475104
15.618489
15.678687
15.928490
16.036865
16.141636
16.241573
16.333511
16.469553
16.533916
16.668760
16.788626
16.888313
16.990000
17.101418
17.223011
17.341770
17.438114
