0.000000
0.119342
0.262313
0.378571
0.485646
0.642494
0.780771
0.901066
1.027551
1.158118
1.289955
1.403719
1.503605
1.571995
1.663447
1.774739
1.898345
2.051678
2.160794
2.287868
2.423084
2.527506
3.031497
3.290023
3.406508
3.543923
3.672517
3.800385
3.915397
4.039546
4.164649
4.299932
4.414513
4.553515
4.670635
4.790136
4.912222
5.052086
5.150045
5.282132
5.413447
5.663311
5.784581
5.908027
6.164807
6.307664
6.426440
6.562245
6.678413
6.807733
6.921950
7.054127
7.170703
7.315397
7.431859
7.542426
7.664082
7.785646
7.900794
8.041088
8.123333
8.175669
8.280090
8.657619
8.786236
8.897075
9.038527
9.182018
9.290250
9.404716
9.519388
9.677166
9.802222
9.891564
10.008322
10.085941
10.158072
10.381179
10.578753
11.124172
11.376145
11.490521
11.622268
11.742018
11.876190
11.990113
12.118231
12.244467
12.379954
12.493991
12.625193
12.744784
12.866508
12.987347
13.120635
13.231701
13.346531
13.501383
13.601156
