0.000000
0.126803
0.233311
0.362517
0.492834
0.622653
0.749025
1.027755
1.309546
1.565306
1.847302
2.001859
2.112925
2.251723
2.384399
2.520658
2.630408
2.900317
3.056168
3.167120
3.315918
3.432721
3.577029
3.689524
3.849274
3.965283
4.113741
4.234694
4.380431
4.501315
4.670340
4.735964
4.888186
4.957392
5.025193
5.094399
5.157528
5.223900
5.291315
5.574331
5.849524
6.012199
6.121066
6.272540
6.387007
6.541111
6.661134
6.806757
6.920884
7.184739
7.350295
7.449705
7.722993
8.003447
8.152472
8.268118
8.401156
8.516077
8.652154
8.781701
8.902019
9.023719
9.171587
9.300181
9.423492
9.560363
