0.000000
0.297619
0.593696
0.885828
0.940952
1.047324
1.181157
1.319569
1.593900
1.725941
1.870816
2.016100
2.282200
2.337279
2.492540
2.574739
2.772585
2.895193
3.056395
3.200703
3.341519
3.517347
3.608934
3.782857
3.886984
3.989002
4.045941
4.141406
4.278186
4.416032
4.482789
4.594263
4.832449
5.037800
5.149206
5.480635
5.596530
5.773538
5.902585
6.044467
6.172245
6.277823
6.475918
6.585487
6.815669
7.044195
7.162993
7.439002
7.547664
7.602676
7.725692
7.867483
8.044580
8.151338
8.275623
8.432925
8.550952
8.693197
8.841021
8.991157
9.071814
9.127619
9.396689
9.708912
9.808662
9.879705
10.001406
10.093605
10.166077
10.321020
10.378345
10.449433
10.602154
10.718595
10.807687
10.866077
11.033242
11.129796
11.524853
11.596757
11.712653
11.999025
12.049456
12.182517
12.303492
12.452200
12.598776
12.714422
12.880794
13.004807
13.096304
13.151632
13.299523
13.421587
13.562540
13.731270
13.882132
14.002676
14.173901
14.281996
14.423651
14.574807
14.728572
14.891202
15.008027
15.167347
15.285895
15.407959
15.687415
16.157755
16.251497
16.304716
16.429569
16.545555
16.701838
16.957188
17.053288
17.138004
17.283741
17.341995
17.427778
17.557777
17.646667
17.702223
17.865805
17.937370
18.109774
