0.000000
0.687755
0.867710
1.191723
1.362358
1.539955
1.651088
1.703764
1.876780
2.045760
2.223809
2.387302
2.548707
2.918141
3.066304
3.196826
3.261565
3.418254
3.597710
3.772744
3.930204
4.099206
4.269547
4.447914
4.621542
4.785533
4.961678
5.137551
5.305759
5.854943
6.039115
6.184807
6.338254
6.507506
6.680953
6.849592
7.025147
7.203560
7.392449
7.530046
7.715964
7.885193
8.028571
8.576690
8.766054
8.917075
9.104104
9.288481
9.432449
9.607506
9.775737
9.946009
10.124309
10.288277
10.458458
10.604240
