0.000000
0.722925
1.054218
1.228503
1.381497
1.563492
1.697868
2.039093
2.370884
2.586780
2.702857
3.047143
3.397642
3.729048
3.910136
4.056485
4.233379
4.391678
4.731927
5.070748
5.279297
5.414966
5.737528
6.085283
6.420227
6.610408
6.763106
6.932494
7.087982
7.262744
7.393356
7.457166
7.728730
7.957755
8.112970
8.439002
8.777823
9.116803
9.301044
9.454988
9.638254
9.784467
10.113832
10.451066
10.643832
10.746099
10.800975
11.120522
11.465873
11.789388
11.972540
12.135193
12.288163
12.449955
12.613152
12.768776
12.925261
13.085556
