0.000000
0.345419
0.518458
0.691633
0.883946
1.051655
1.219819
1.394014
1.551701
1.725510
1.886145
2.062585
2.229206
2.392925
2.549184
2.718073
2.883673
3.049546
3.210544
3.374490
3.699048
3.866304
4.047460
4.208209
4.377914
4.543900
4.717030
4.884762
5.069841
5.238503
5.378209
5.555601
5.726712
5.902925
6.069501
6.243175
6.378413
6.572812
6.736394
6.881202
7.072426
7.210975
7.403810
7.565601
7.724263
7.878776
8.064626
8.221111
8.383809
8.560862
8.737733
8.879524
9.056689
9.218866
9.388572
9.538594
9.619728
9.715714
9.890318
9.977234
10.064693
10.224830
10.388141
10.563152
