0.000000
0.193696
0.319297
0.499365
0.647982
0.808050
0.958617
1.128390
1.243016
1.452789
1.580249
1.760952
1.902063
2.082517
2.225170
2.367755
2.527324
2.700045
2.832222
3.018118
3.173696
3.333197
3.472449
3.640612
3.780000
3.961429
4.088526
4.270771
4.420476
4.592948
4.738526
4.900363
5.047574
5.228844
5.347279
5.533039
5.688753
6.005079
6.170771
6.310862
6.491791
6.587211
6.794308
6.950748
7.112540
7.265510
7.412902
7.559411
7.750930
7.871701
8.040158
8.209842
8.367302
8.522631
8.684785
8.836327
8.997869
9.138435
9.460114
9.588730
9.648299
9.777143
9.945192
