0.000000
0.189637
0.373810
0.548866
0.726984
0.905873
1.058639
1.239116
1.382721
1.777483
1.946054
2.098662
2.279410
2.451995
2.620998
2.795714
2.974467
3.172199
3.351837
3.515986
3.702132
3.857937
4.030635
4.193878
4.372472
4.559229
4.737914
4.889275
5.072290
5.220771
5.395805
5.564671
5.744263
5.929138
6.114558
6.273197
6.452676
6.609388
6.788163
6.955510
7.325057
7.509048
7.671769
7.844921
8.001973
8.186349
8.346666
8.523334
8.709478
8.883220
9.046463
9.195873
9.381065
9.540680
9.701293
9.872291
10.075941
10.253741
10.412041
10.580408
