0.000000
0.145601
0.276848
0.438617
0.558458
0.723152
0.849433
1.002245
1.115737
1.263560
1.382834
1.651769
1.813810
1.936372
2.075873
2.181723
2.336757
2.462585
2.614580
2.728866
2.894694
3.011882
3.151111
3.277574
3.418571
3.552426
3.822902
3.990476
4.112993
4.257823
4.379410
4.531270
4.652608
4.804671
4.922970
5.081633
5.210295
5.355102
5.472676
5.627846
5.743606
6.004308
6.173356
6.287029
6.436417
6.550340
6.712925
6.823197
6.981723
7.099977
7.271224
7.386372
7.534286
7.655283
7.803855
7.932653
8.168912
8.243242
8.456122
8.587301
