0.000000
0.056689
0.240658
0.364172
0.536599
0.675374
0.728730
0.868413
0.920635
0.991247
1.059546
1.259909
1.333651
1.409887
1.575986
1.648005
1.710952
1.813719
1.870386
1.959592
2.029569
2.184376
2.283696
2.527347
2.620544
2.826757
2.917551
2.986621
3.145261
3.286644
3.435079
3.606848
3.791769
3.971791
4.132744
4.278458
4.449252
4.617982
4.773923
4.965215
5.142517
5.314082
5.458844
5.642018
5.812449
5.985487
6.133107
6.209955
6.287619
6.552018
6.678685
6.843606
7.014717
7.095488
7.173016
7.243606
7.355193
7.530000
7.704580
7.898957
8.056666
8.223946
8.403696
8.545306
8.731587
8.912449
8.972608
9.096644
9.278571
9.419773
9.592563
9.783946
9.928186
9.983197
10.121043
10.282857
10.461361
10.610590
10.666327
10.781632
10.963379
