0.000000
0.192766
0.356349
0.534535
0.700091
0.875986
1.043311
1.196440
1.377710
1.540680
1.593719
1.715374
1.888594
2.044399
2.233084
2.400476
2.566236
2.735714
2.921383
3.083946
3.236326
3.420952
3.584240
3.751882
3.932789
4.100068
4.252358
4.409342
4.576168
4.733220
4.907301
5.056485
5.395102
5.756644
5.931134
6.102517
6.275737
6.432766
6.608912
6.761315
6.928753
7.095896
7.258821
7.422494
7.586077
7.765079
7.938163
8.100453
8.283061
8.436123
8.605623
8.762879
8.934377
9.097573
9.266281
9.442040
9.612812
9.762267
9.935850
10.084580
10.144807
10.252358
10.404558
