0.000000
0.225079
0.456871
0.684354
1.001701
1.214422
1.437914
1.753515
1.984331
2.221338
2.444898
2.650544
2.767392
2.974648
3.086644
3.193696
3.401927
3.486054
3.723855
3.958594
4.184150
4.416213
4.509637
4.709093
4.839047
4.928209
5.225941
5.464331
5.692698
5.919909
6.133129
6.247324
6.441633
6.563492
6.659365
6.879773
6.968345
7.193900
7.420635
7.879841
7.967505
8.170998
8.395805
8.691587
8.918209
9.152335
9.604173
9.702177
9.899410
10.114058
10.335851
10.425533
10.655419
10.883401
11.307891
11.433582
11.642744
11.762267
11.856395
12.179410
12.404921
12.508957
12.621157
12.725986
12.832811
12.930726
13.041088
13.154784
13.247687
13.351814
13.459297
13.559864
13.666304
13.854581
