0.000000
0.281224
0.348866
0.506213
0.641950
0.781655
0.892630
1.066621
1.208503
1.436440
1.512313
1.821088
2.041633
2.101315
2.271134
2.421860
2.577755
2.705102
3.006757
3.158277
3.279320
3.604082
3.885510
4.220431
4.391088
4.453106
4.527710
4.819818
5.025669
5.087596
5.147800
5.276327
5.435896
5.575238
5.721610
6.028843
6.278980
6.334898
6.628140
6.858073
6.958571
7.093764
7.261111
7.395487
7.483175
7.553311
7.684104
7.829660
7.983175
8.089728
8.275669
8.419932
8.685623
8.756598
9.059728
9.140771
9.318549
9.377052
