0.000000
0.313265
0.622562
0.919841
1.222336
1.378231
1.528957
1.831565
1.992449
2.134263
2.299116
2.370907
2.446304
2.615488
2.741157
2.900091
3.037846
3.197619
3.352993
3.521338
3.643356
3.798594
3.920295
4.093606
4.245329
4.390680
4.535533
4.687528
4.843560
5.145420
5.452222
5.749388
5.911247
5.983175
6.057528
6.201270
6.353492
6.655442
6.810635
6.948141
7.121043
7.188980
7.242562
7.393628
7.537188
7.665080
7.814263
8.078957
8.262177
8.401678
8.468254
8.536644
8.641859
8.708821
8.822290
8.920953
9.124467
9.276349
