0.000000
0.295079
0.590680
0.763832
0.885215
1.049206
1.161111
1.338095
1.428821
1.632517
1.737982
1.909773
2.021814
2.186621
2.307959
2.473537
2.601950
2.765102
2.893016
3.061224
3.188843
3.350091
3.474490
3.647347
3.744558
3.942132
4.028549
4.233696
4.343311
4.518345
4.634989
4.801270
4.927347
5.091361
5.221202
5.387891
5.517007
5.677460
5.796009
5.931542
6.072903
6.275216
6.355465
6.555170
6.672948
6.839478
6.959365
7.129025
7.253741
7.419524
7.542721
7.705215
7.838413
8.003855
8.079025
8.142154
8.326598
8.437279
8.585963
8.714105
8.818549
8.881995
8.992517
9.194943
