0.000000
0.132971
0.625079
0.692018
0.878549
1.016757
1.820385
1.895986
1.954626
2.221270
2.476712
2.731587
2.880816
2.989456
3.233356
3.464626
3.710703
3.856236
3.963356
4.216735
4.466236
4.716893
4.861066
4.967438
5.227302
5.435442
5.667551
5.889479
6.183810
6.437120
6.691565
6.828934
6.936780
7.183356
7.395397
7.634354
7.811020
7.884467
8.139887
8.385624
8.640409
8.770567
8.885442
9.003084
9.100045
9.342381
9.580907
9.733174
9.818571
10.087324
10.335556
10.584513
10.719229
10.836644
10.954195
11.078254
11.304671
11.545125
11.706304
11.772631
12.036667
12.291519
12.539297
12.686916
12.792903
13.035397
13.260861
13.492154
13.608436
13.664740
13.735896
13.980907
14.241474
14.483946
14.624331
14.740703
14.969569
15.204649
15.445396
15.602086
15.656372
15.936848
16.186666
16.427959
16.555443
16.682699
16.919025
17.146441
17.394354
17.547937
17.628481
17.762426
17.871269
18.008661
18.137506
18.343719
18.400272
18.530817
18.642200
18.741383
18.863855
18.987053
19.107641
19.290022
19.345034
19.450567
19.547121
19.602449
19.803833
19.957279
20.087755
20.326757
20.466394
20.580227
20.733831
