0.000000
0.250159
0.494875
0.733900
0.847914
0.958821
1.077823
1.175329
1.395125
1.650839
1.894490
2.011791
2.114603
2.252381
2.329864
2.553447
2.686145
2.773492
2.900952
2.997936
3.124558
3.218594
3.337868
3.418413
3.476644
3.584263
3.641224
3.770567
3.853764
4.102313
4.343515
4.578753
4.683787
4.785397
5.044966
5.272154
5.516191
5.629206
5.714921
5.969138
6.189297
6.427687
6.536667
6.652472
6.768911
6.877165
7.001179
7.109683
7.220748
7.316123
7.443945
7.538911
7.682993
7.768277
8.013152
8.247574
8.362063
8.459842
8.720136
8.942335
9.179728
9.303129
9.395715
9.638277
9.862835
10.100567
10.334671
10.566689
10.687914
10.788889
10.920453
11.020658
11.267279
11.499342
11.746099
11.882449
11.970272
12.059456
12.178118
12.426962
12.645782
12.871451
12.996213
13.091678
13.213923
13.317914
13.539546
13.673968
13.770862
13.897506
13.991451
14.122472
14.214535
14.338639
14.416508
14.482744
14.590137
14.655895
14.879388
15.135759
15.356894
15.508889
15.575918
15.694489
15.744784
15.808390
16.046984
16.285192
16.512653
16.639364
16.745510
16.993538
17.208141
17.327393
17.433855
17.552629
17.665850
17.786802
17.888481
18.012064
18.121134
18.240318
