0.000000
0.067120
0.352290
0.689955
0.907392
1.009705
1.182562
1.308004
1.478050
1.593197
1.764195
1.902608
2.077029
2.206326
2.377710
2.506191
2.803061
2.975533
3.100522
3.271837
3.391542
3.514603
3.566939
3.695533
3.868322
3.935714
4.276372
4.450657
4.576712
4.746848
4.861134
5.040748
5.155125
5.326576
5.457936
5.628549
5.750975
5.924467
6.046304
6.199229
6.353787
6.494966
6.638798
6.810771
6.947188
7.106621
7.211406
7.396145
7.534717
7.703333
7.829773
7.991428
8.111406
8.239841
8.408140
8.580091
8.692903
8.866055
8.996055
9.159478
9.280907
9.450250
9.575148
9.737982
9.871588
10.022063
10.167574
10.311111
10.452177
10.589660
10.736644
10.909478
11.034399
11.205782
11.330204
11.485623
11.629365
11.790454
11.922290
12.093583
12.220476
12.385056
12.528526
12.680613
12.822109
12.995374
13.113243
13.274127
13.406463
13.560499
13.701588
13.848004
13.988005
14.140567
14.261179
14.439410
14.573583
14.743402
14.868843
15.039478
15.177528
15.343514
15.468481
15.640817
15.763062
15.934036
16.048346
16.216236
16.344807
16.507641
16.628571
16.783129
16.901089
17.065397
17.192200
17.363968
17.483152
17.647324
17.718639
17.778412
17.935986
18.086100
18.257755
18.375147
18.525511
18.671814
18.816780
18.967981
19.140680
19.270090
19.420362
19.559116
19.705238
19.845533
19.994944
20.075556
20.135759
20.284195
20.421133
20.610657
20.707483
20.864853
21.027822
21.155714
21.209387
21.310453
21.449797
21.501587
21.588572
21.746689
21.911360
22.043810
22.199205
22.354557
22.461905
22.648912
22.785488
22.929842
23.078140
23.227142
23.365805
23.506054
23.638866
23.806961
23.953787
24.119001
24.230749
24.394897
24.524649
24.681679
24.805239
24.986530
25.103878
25.286440
