0.000000
0.200612
0.268617
0.404581
0.517687
0.657800
0.770136
0.902222
1.017392
1.164989
1.290499
1.437710
1.558390
1.696780
1.814467
1.947506
2.068866
2.266009
2.323606
2.458571
2.567120
2.715329
2.822540
2.944785
3.080113
3.220227
3.323832
3.470499
3.589070
3.715442
3.835215
3.968685
4.094966
4.350816
4.484218
4.606531
4.737143
4.867324
4.999955
5.129614
5.255329
5.377596
5.514694
5.644875
5.767188
5.893538
6.033061
6.148277
6.409977
6.551678
6.659479
6.802426
6.910544
7.038208
7.171225
7.312744
7.421043
7.568866
7.670522
7.824240
7.909456
8.064626
