0.000000
0.689184
1.041610
1.238798
1.393401
1.565238
1.732245
2.103084
2.290000
2.463696
2.643968
2.802177
2.997732
3.163877
3.327664
3.495805
3.688141
3.846077
4.022494
4.187029
4.367143
4.524966
4.702494
4.865419
5.052699
5.210862
5.569070
5.763152
5.900340
6.091633
6.252676
6.440068
6.608073
6.782313
6.948753
7.069093
7.123832
7.284081
7.464127
7.623039
7.815828
7.966485
8.159274
8.223923
8.315329
8.500295
8.644581
8.831656
8.998209
9.185034
9.347733
9.527914
9.689932
9.863696
10.031769
10.209615
10.365442
10.520703
10.708776
