0.000000
0.185397
0.423741
0.647642
0.786621
0.870091
1.080227
1.298209
1.518617
1.665352
1.740113
1.957914
2.103106
2.179501
2.404082
2.524853
2.624014
2.832086
3.056054
3.247324
3.503469
3.711111
3.933492
3.998503
4.154286
4.375624
4.572744
4.794694
5.036576
5.256168
5.446893
5.696327
5.924943
6.144694
6.326326
6.568572
6.794014
7.011497
7.156689
7.226984
7.458662
7.688004
7.800930
7.907619
8.111950
8.245714
8.326145
8.552925
8.773492
8.984285
9.214626
9.446961
9.571746
9.671315
9.880295
10.003628
10.090114
10.210907
10.322177
10.426009
10.550363
10.667778
10.753129
10.978684
11.102381
11.206236
11.330295
11.425578
11.561225
11.633878
11.728957
11.855692
12.053719
12.298004
12.513809
12.749388
12.959297
13.190363
13.404853
13.605238
13.734331
13.840612
13.953469
14.064693
14.298141
