0.000000
0.332381
0.623447
0.941293
1.111814
1.214399
1.392517
1.495850
1.656191
1.789977
2.103129
2.273152
2.352902
2.556553
2.673311
2.961633
3.270567
3.408594
3.465556
3.532177
3.711406
3.812812
3.968843
4.087029
4.396712
4.558594
4.611111
4.674898
4.978209
5.274286
5.559932
5.853152
5.956508
6.027891
6.131905
6.268186
6.393719
6.689864
6.846826
6.984694
7.138322
7.250000
7.402880
7.542381
8.049750
8.110839
8.274263
8.352267
8.428617
8.609206
8.691316
8.858775
8.923923
8.987801
9.060272
9.134581
9.208163
9.274354
9.574603
9.876236
10.350817
10.488095
