0.000000
0.244807
0.391179
0.513946
0.660317
0.780816
0.888345
1.035488
1.154036
1.301293
1.414127
1.561905
1.704195
1.808435
1.927937
2.062063
2.193968
2.321202
2.464535
2.577279
2.721156
2.844014
2.951134
3.086508
3.221973
3.342222
3.479342
3.615465
3.744581
3.874240
3.979547
4.128707
4.246916
4.387846
4.520136
4.642268
4.769547
4.906553
5.009932
5.157868
5.274785
5.413129
5.543651
5.665737
5.793084
5.925623
6.049637
6.169410
6.298458
6.428413
6.557664
6.677551
6.805215
6.939773
7.055011
7.183855
7.298209
7.431157
7.548866
7.696848
7.819047
7.952358
8.077687
