0.000000
0.143469
0.276349
0.394354
0.525261
0.659093
0.792063
0.925760
1.048662
1.183356
1.317256
1.438254
1.574059
1.714558
1.851950
1.960998
2.108594
2.236009
2.370726
2.498798
2.631202
2.768685
2.893538
3.027778
3.093537
3.149184
3.272041
3.397370
3.526962
3.661474
3.911565
4.036599
4.175646
4.304626
4.437233
4.566667
4.703356
4.832200
4.963651
5.088685
5.223402
5.368889
5.487075
5.622313
5.742245
5.885760
6.012495
6.123583
6.175601
6.260680
6.398526
6.527234
6.667596
6.792948
6.935238
7.053084
7.191202
7.311270
7.445782
7.571973
7.705170
7.832517
7.962517
8.096622
8.234127
8.356644
8.478549
8.619025
8.745782
8.876304
9.132834
9.259637
9.401451
9.530272
9.657959
9.786894
9.922857
10.059184
10.172336
10.300249
10.353765
10.444672
10.579569
10.701066
10.838639
10.955011
11.097143
11.223266
11.350091
11.490544
11.619524
11.744761
11.873855
12.017596
12.167936
12.278753
12.383855
