0.197755
0.349206
0.639274
0.940045
1.249025
1.526871
1.714014
1.842086
1.988957
2.121587
2.242744
2.406621
2.687233
2.887029
2.973379
3.125669
3.282154
3.582404
3.860590
4.025918
4.164626
4.315261
4.454354
4.582268
4.723129
5.007030
5.173537
5.297528
5.489660
5.590340
5.881769
6.172132
6.337506
6.473832
6.608866
6.760000
6.886417
7.044059
7.328435
7.493968
7.620975
7.751020
7.905737
8.060499
8.154966
8.482313
8.651202
8.779387
8.914331
9.071882
9.185511
9.343605
9.489365
9.619977
9.760567
9.903605
10.033152
10.185827
10.240250
10.480544
10.797415
10.937891
11.195623
11.350453
11.488866
11.636327
11.913152
12.082880
12.205782
12.342222
12.477506
12.770226
13.028436
13.225419
13.442358
13.498140
13.650249
13.752403
13.803266
13.915306
14.209002
14.369637
14.519592
14.637143
14.787370
15.079638
15.362585
15.535782
15.657710
15.800952
15.938141
16.059456
16.221588
16.502676
16.661791
16.805420
16.923470
17.075216
17.213198
17.356802
17.630838
17.800795
17.921995
18.072971
18.205103
18.335850
18.479729
18.641609
18.758776
18.909456
19.048231
19.177551
