0.000000
0.143855
0.310454
0.473787
0.622086
0.778095
0.930658
1.089456
1.231292
1.382494
1.496417
1.707506
1.831088
2.004172
2.137166
2.331270
2.456417
2.624399
2.769660
2.926145
3.075284
3.246463
3.379977
3.536576
3.688504
3.834263
3.991179
4.155056
4.240159
4.462222
4.598345
4.786667
4.906281
5.077188
5.219864
5.386530
5.524059
5.696372
5.827687
5.994467
6.131088
6.299909
6.412245
6.601655
6.736213
6.891043
7.036530
7.209637
7.338050
7.507234
7.646644
7.824104
7.953810
8.119909
8.260884
8.418980
8.573968
8.713923
8.866349
9.006531
9.166985
9.291451
9.450521
