0.000000
0.362109
0.524853
0.698186
0.850000
0.995896
1.167166
1.327438
1.488617
1.640159
1.801746
1.963379
2.115442
2.265215
2.425624
2.585624
2.749184
2.910612
3.064445
3.229478
3.388345
3.446848
3.541996
3.707279
3.864649
4.015351
4.165691
4.332630
4.487030
4.648140
4.802517
4.954331
5.117619
5.435941
5.749184
5.909025
6.049909
6.218413
6.381088
6.539048
6.863266
7.019207
7.179887
7.334172
7.486032
7.645487
7.825759
7.990998
8.141905
8.313401
8.476123
8.615579
8.776530
8.928277
9.086848
9.246531
9.399206
9.569705
9.726077
9.870136
10.033016
10.195170
10.356349
10.509683
10.674829
10.845170
11.007007
11.152335
11.321836
11.478776
11.628685
11.785352
11.948050
12.106734
12.426417
12.594354
12.765442
12.910816
13.082018
13.225782
13.399637
13.570227
13.707891
13.879456
14.033946
14.197732
14.342359
14.501429
14.666168
14.982381
15.147868
15.305532
15.618231
15.776395
15.947143
16.110884
16.255329
16.420612
16.574875
16.725510
16.890385
17.045101
17.112404
17.198481
17.510317
17.677982
