0.000000
0.185646
0.303084
0.503129
0.616893
0.793515
0.930884
1.096190
1.243560
1.390159
1.531429
1.721610
1.831701
1.998617
2.128753
2.316667
2.419206
2.613220
2.730726
2.900544
3.038957
3.234036
3.346236
3.543605
3.654104
3.829456
3.953787
4.147710
4.258231
4.435578
4.565147
4.647029
4.737279
4.834150
5.051678
5.163515
5.331360
5.447392
5.628866
5.766100
5.917891
6.068707
6.247143
6.365397
6.532154
6.670998
6.826508
6.967846
7.149660
7.236553
7.451111
7.589478
7.735760
7.837823
7.902018
8.001088
8.172177
8.350613
8.454014
8.627892
8.764943
8.949728
9.053628
9.228798
9.343356
9.541451
