0.000000
0.273492
0.403129
0.510363
0.690385
0.816871
0.948254
1.082562
1.227574
1.348730
1.499501
1.624739
1.728050
1.778662
1.899660
2.046893
2.172766
2.314558
2.439819
2.573107
2.703469
2.856825
2.973129
3.129660
3.234513
3.366848
3.491882
3.579864
3.648186
3.766576
3.902200
4.036100
4.195352
4.301610
4.462267
4.569592
4.726916
4.837710
5.108707
5.265329
5.370680
5.530884
5.637120
5.789615
5.910567
6.056122
6.322903
6.475125
6.585556
6.717528
6.869569
6.971995
7.118594
7.175805
7.255216
7.377165
7.507098
7.626145
7.775828
7.918640
8.040953
8.180567
8.308413
8.468685
