0.078957
0.158141
0.250317
0.354467
0.449206
0.553991
0.673673
0.878413
0.973878
1.128866
1.576168
1.785850
2.028458
2.164218
2.262698
2.482086
2.696417
2.927551
3.147800
3.378639
3.599048
3.827846
3.952381
4.050363
4.280975
4.505601
4.733515
4.949660
5.178413
5.396236
5.531632
5.619229
5.755102
5.847392
6.062200
6.283991
6.506825
6.723310
6.950386
7.170385
7.313651
7.400204
7.524739
7.629229
7.847166
8.298820
8.519932
8.745397
8.963470
9.095963
9.186077
9.313220
9.415873
9.641678
10.089728
10.313152
10.538843
10.755465
10.896191
10.986621
11.107755
11.215624
11.437687
11.674717
11.881723
12.106938
12.328095
12.548412
12.672064
12.762630
12.898549
12.994445
13.222698
13.449955
13.673106
13.900204
14.120113
14.350817
14.476054
14.571927
14.691316
14.791814
15.014490
15.252744
15.462403
15.693923
15.910589
16.135420
16.257641
16.350679
16.482630
16.581406
16.807392
17.030476
17.246054
17.468935
17.684059
17.914194
18.041677
18.139387
18.268980
18.369682
18.592812
18.799433
