0.000000
0.248798
0.490567
0.729909
0.838231
0.949637
1.063583
1.161814
1.377370
1.628390
1.866259
1.982630
2.082041
2.215125
2.300816
2.519320
2.646009
2.732970
2.854036
2.948345
3.074785
3.169161
3.283537
3.363673
3.422177
3.527982
3.586599
3.709592
3.806349
4.038934
4.275374
4.507642
4.608345
4.711633
4.971474
5.192653
5.425828
5.536236
5.618866
5.871587
6.096644
6.327030
6.437098
6.548050
6.662698
6.769977
6.884535
6.993923
7.101587
7.196440
7.320952
7.419887
7.556667
7.648617
7.886871
8.114988
8.225941
