0.000000
0.308957
0.592653
0.882200
1.034513
1.084943
1.160317
1.433515
1.713265
1.994240
2.284059
2.564218
2.850272
3.142267
3.307347
3.366304
3.417120
3.687279
3.969297
4.245465
4.522925
4.808118
5.095828
5.376939
5.545420
5.600862
5.916871
6.200567
6.481360
6.762041
7.038095
7.320317
7.600045
7.770544
7.826622
7.880340
8.148436
8.423923
8.705170
8.994626
9.271996
9.562721
9.835397
10.007166
10.062063
10.386893
10.661384
10.944150
11.229387
11.501179
11.784081
12.061950
12.229841
12.283038
12.341043
12.615783
12.887030
13.170749
