0.000000
0.342812
0.412744
0.611769
0.812064
1.052676
1.134626
1.239637
1.444807
2.069501
2.289932
2.494943
2.591451
2.696826
2.896349
3.111769
3.211973
3.317506
3.522358
3.731315
3.942109
4.046939
4.160317
4.273152
4.484853
4.570091
4.779796
4.996326
5.105261
5.202993
5.408594
5.629547
5.739184
5.954784
6.049660
6.163084
6.252925
6.475918
6.571814
6.678345
6.905352
6.995669
7.103106
7.301315
7.415329
7.646803
7.726712
7.934943
8.360544
8.567392
8.683288
8.783424
8.979433
9.333038
9.398163
9.619728
9.836780
10.038095
10.159252
10.471247
10.898186
11.332472
