0.037800
0.322154
0.410454
0.582200
0.830930
1.097551
1.149274
1.356825
1.638844
1.899909
2.155692
2.307642
2.410385
2.588163
2.686463
2.782404
2.900136
3.068458
3.195420
3.361202
3.454830
3.612132
3.722313
3.858503
3.983900
4.121587
4.210454
4.394013
4.498004
4.651111
4.768571
4.878911
5.000318
5.178481
5.286530
5.452132
5.539252
5.696667
5.799796
5.962086
6.049773
6.206168
6.291406
6.469297
6.561746
6.725261
6.822744
6.966825
7.080930
7.254399
7.345306
7.489728
7.588005
7.742154
7.858231
7.993696
8.104966
8.250408
8.370658
8.532426
8.616803
8.759637
8.879910
9.008458
9.137981
9.284308
9.387891
9.533946
9.637301
9.777823
9.904014
10.061542
10.142267
10.309252
10.381315
10.538027
10.658912
10.823107
10.909139
11.035329
11.159365
11.289977
11.421202
11.552676
11.657778
11.797370
11.906599
12.046984
12.174808
12.307823
12.443243
12.576099
12.692086
12.834309
12.946644
13.073968
13.195987
13.340431
13.452472
13.614218
13.677074
13.845963
13.967665
14.079411
14.213152
14.335352
14.473288
14.718027
14.856191
14.973333
15.117528
15.221633
15.375487
15.488912
15.622993
15.738979
15.860000
15.998912
16.132902
16.239048
16.367937
16.495623
16.616983
16.754988
16.876213
17.005873
17.131950
17.253651
17.392086
17.503016
17.631882
17.760294
17.892155
18.015919
18.152063
18.253130
18.403696
18.514965
18.625374
18.763720
18.898163
19.025238
19.151724
19.270840
19.407597
19.529570
19.667982
19.767256
19.922358
20.030930
20.163153
20.272131
20.401201
20.527348
20.652699
