0.000000
0.165170
0.269388
0.545896
0.671950
0.804966
0.924172
1.060975
1.186168
1.304240
1.448912
1.582585
1.714989
1.843129
1.970181
2.094807
2.219206
2.338118
2.465261
2.586757
2.728367
2.857619
2.979456
3.107007
3.235533
3.369025
3.503515
3.625488
3.755102
3.830726
3.890748
4.019025
4.146667
4.281769
4.407959
4.539478
4.668503
4.800250
4.930295
5.063583
5.184127
5.314286
5.429864
5.567710
5.699864
5.833900
5.960567
6.092925
6.208844
6.340998
6.453106
6.593107
6.708911
6.854830
6.967642
7.096485
7.223106
7.357665
7.468662
7.610000
7.729161
7.860272
7.977800
8.111927
