0.000000
0.362154
0.526825
0.683651
0.856757
1.021950
1.188004
1.360136
1.512948
1.689955
2.017460
2.197687
2.375964
2.537574
2.695374
2.867710
3.036304
3.156032
3.358617
3.518685
3.698798
3.867823
4.046576
4.209342
4.375170
4.574422
4.700136
4.872109
5.045828
5.216984
5.395011
5.750998
5.918911
6.074944
6.248458
6.411565
6.579569
6.747007
6.903492
7.083628
7.407007
7.583265
7.769138
7.929070
8.084036
8.260680
8.429342
8.587392
8.748843
8.911180
9.092041
9.260567
9.439501
9.596417
9.769342
9.965963
10.091950
10.262041
10.432540
10.606508
