0.000000
0.202880
0.270499
0.500000
0.610680
0.888571
1.008345
1.077937
1.177778
1.341610
1.467098
1.611882
1.694512
1.763039
2.119206
2.272200
2.373129
2.546236
2.633764
2.695782
2.896599
3.007574
3.285669
3.447234
3.574445
3.738095
3.863991
4.008934
4.089955
4.202426
4.475170
4.669025
4.799093
5.037392
5.097392
5.216327
5.299410
5.367937
5.724150
5.851633
5.976735
6.166440
6.264898
6.406961
6.489093
6.554014
6.879206
7.068345
7.198549
7.400340
7.496326
7.696984
7.808254
8.086100
8.248027
8.375034
8.538548
8.664717
8.810091
8.890567
9.002607
9.276213
9.469660
