0.000000
0.141088
0.275624
0.347710
0.416281
0.489955
0.554490
0.623719
0.698798
0.835533
0.992358
1.169342
1.291927
1.448889
1.563243
1.737347
1.835147
1.986077
2.148072
2.269252
2.386894
2.550385
2.696145
2.841156
2.974513
3.107188
3.242131
3.392177
3.536599
3.684195
3.822902
3.977687
4.111383
4.241746
4.378549
4.526236
4.657256
4.793220
4.936168
5.083175
5.220476
5.315941
5.493832
5.639977
5.779342
5.912653
6.058912
6.203764
6.339547
6.491701
6.630862
6.754241
6.903741
7.055601
7.188503
7.339478
7.472404
7.557211
7.612517
7.752154
7.900454
7.957302
8.018095
8.162404
8.309818
8.454014
8.586780
8.720680
8.866282
9.000340
9.133016
9.273084
9.417551
9.577732
