0.000000
0.130658
0.274762
0.404626
0.542676
0.676735
0.805397
0.926168
1.061950
1.186054
1.333855
1.451315
1.587052
1.707574
1.911406
1.997234
2.137937
2.260227
2.401383
2.509479
2.645555
2.765283
2.947098
3.037007
3.169569
3.300181
3.434535
3.556304
3.684444
3.810952
4.082200
4.237030
4.357823
4.493651
4.606939
4.737030
4.854127
5.121860
5.263606
5.395283
5.551066
5.655986
5.805918
5.922313
6.048322
6.177188
6.318141
6.431383
6.597800
6.697165
6.842857
6.963719
7.136213
7.225147
7.364059
7.485238
7.619274
7.738594
7.789025
7.873991
8.000680
8.155873
8.285895
8.418708
8.547823
8.679750
8.812540
8.942517
9.052563
9.205193
9.322495
9.469773
9.588889
10.142653
