0.000000
0.283016
0.520907
0.821882
0.947528
1.085102
1.183492
1.339229
1.449048
1.550794
1.824399
2.083787
2.330340
2.590907
2.861746
2.974263
3.107166
3.228435
3.358503
3.607143
3.863787
4.095057
4.373311
4.635034
4.907846
5.028118
5.160953
5.282336
5.406553
5.666599
5.920476
6.168980
6.304852
6.423470
6.689070
6.943470
7.199932
7.323537
7.455737
7.707029
7.962767
8.229433
8.473605
8.727324
8.978413
9.107052
9.246712
9.354626
9.483130
9.744898
9.999116
10.129229
10.260408
10.378027
10.508799
10.760181
11.013424
11.242926
11.521836
11.746213
11.890590
12.008412
12.133197
12.260431
12.505669
12.762653
13.029433
13.147506
13.276031
13.398979
13.522766
13.779274
14.028390
14.277121
14.393106
14.523356
14.788594
15.043242
15.171656
15.287506
15.406984
15.520862
15.781428
15.895351
16.024422
