0.000000
0.290680
0.564150
0.851497
0.938095
1.058231
1.122789
1.182789
1.337188
1.401995
1.542812
1.670952
1.819955
1.931088
2.011859
2.108844
2.217869
2.365170
2.422290
2.504467
2.657959
2.776667
3.045510
3.125646
3.233991
3.309410
3.465556
3.596780
3.853606
4.030408
4.112903
4.177256
4.229297
4.279546
4.346326
4.407211
4.687619
4.972721
5.247483
5.340703
5.392131
5.528435
5.698594
5.802789
5.966939
6.085578
6.251859
6.355125
6.456871
6.630567
6.695646
6.945556
7.013084
7.081406
7.176485
7.372290
7.446871
7.509410
7.604739
7.673810
7.743310
7.905148
8.013062
8.095669
8.146622
8.213175
8.300884
8.464513
8.576349
8.776395
