0.000000
0.143265
0.280544
0.407823
0.539751
0.666757
0.811633
0.944195
1.075964
1.215079
1.339365
1.476304
1.608821
1.743265
1.877551
2.137800
2.286508
2.405964
2.553197
2.684218
2.823379
2.955261
3.087234
3.217596
3.358050
3.490045
3.625283
3.754558
3.895306
4.024580
4.291224
4.426961
4.559161
4.695397
4.819410
4.956780
5.093968
5.222925
5.323991
5.502517
5.626984
5.767506
5.892154
6.029773
6.161247
6.314263
6.416712
6.557415
6.702132
6.830635
6.961792
7.104195
7.237165
7.363039
7.467574
7.653152
7.754580
7.903810
7.995714
8.046758
8.163515
8.321111
8.472336
