0.000000
0.218413
0.289773
0.421859
0.473832
0.816984
1.202268
1.410748
1.595896
1.809048
1.969819
2.364240
2.766213
2.944875
3.124671
3.397120
3.556667
3.960862
4.319887
4.373605
4.551610
4.729274
4.957302
5.012630
5.089002
5.519433
5.893243
6.073628
6.251542
6.512699
6.694603
7.100317
7.311860
7.478889
7.656349
7.834989
7.888594
8.068617
8.274649
8.490408
8.663900
9.051791
9.251814
9.427800
9.673537
9.865261
10.268503
10.640159
10.847937
11.040589
11.275714
11.456758
11.833537
12.245986
12.424263
