0.000000
0.146304
0.255533
0.412721
0.515057
0.799297
0.922132
1.057596
1.204966
1.325737
1.465533
1.572630
1.727483
1.852313
1.983809
2.111973
2.227800
2.360363
2.506168
2.615964
2.785215
2.912177
3.032993
3.153560
3.281655
3.409546
3.542245
3.659274
3.814286
3.943356
4.063447
4.188344
4.329070
4.447460
4.577143
4.710658
4.849705
4.977029
5.104309
5.246893
5.359206
5.496735
5.622789
5.742199
5.896916
6.011134
6.077324
6.147256
6.209320
6.262517
6.405896
6.524263
6.681383
6.788254
6.930794
7.060431
7.183628
7.308640
7.431134
7.555261
7.696100
7.810567
7.963878
8.080680
8.212676
