0.000000
0.243651
0.472789
0.686372
0.911020
1.025714
1.131020
1.352222
1.577596
1.793469
2.007732
2.228118
2.443038
2.506168
2.661451
2.783016
2.888798
2.993855
3.097664
3.201565
3.283356
3.383447
3.525646
3.741814
3.967370
4.257664
4.378163
4.604853
4.839343
5.054173
5.271927
5.371564
5.493220
5.595419
5.717914
5.928730
5.988843
6.146735
6.253242
6.356871
6.586576
6.801973
7.037687
7.265828
7.377098
7.485692
7.701406
7.802245
7.921905
8.150068
8.281655
8.361451
8.590726
8.695556
8.805147
8.918934
9.034626
9.130295
9.267756
9.489183
9.723333
9.832199
9.919411
10.172857
10.393786
10.621292
10.851156
11.078662
11.301406
11.413402
11.523787
11.630953
11.746372
11.971701
12.195692
12.414513
12.518888
12.627936
12.853628
13.063378
13.169456
13.281565
13.400182
13.493833
13.609864
13.711292
13.820885
13.924989
14.038254
