0.000000
0.105850
0.251066
0.399297
0.507528
0.625283
0.773855
0.878798
1.013492
1.121474
1.257370
1.383651
1.532585
1.639524
1.750567
1.875873
2.009955
2.118141
2.266395
2.362653
2.414581
2.525057
2.644172
2.776122
2.867846
3.019705
3.136803
3.257415
3.379206
3.529932
3.629546
3.778571
3.867211
4.005578
4.127256
4.269819
4.371655
4.511632
4.646689
4.780385
4.887347
5.020952
5.159184
5.266712
5.393809
5.529229
5.649206
5.778072
5.891905
6.027211
6.132381
6.274716
6.371043
6.527369
6.658231
6.774150
6.874444
7.138934
7.270771
7.394217
7.530317
7.641020
7.777528
7.883515
