0.000000
0.375828
0.440952
0.549773
0.651973
0.932925
1.037234
1.211814
1.293129
1.424626
1.558730
1.712676
1.919864
2.068299
2.215805
2.410612
2.538390
2.710340
2.855714
3.027551
3.083968
3.178526
3.353810
3.503039
3.669864
3.820431
3.994218
4.129592
4.293334
4.466213
4.621224
4.763469
4.929002
5.089592
5.246758
5.407483
5.577800
5.717778
5.891383
6.037302
6.129251
6.349909
6.669388
6.830249
6.990998
7.157120
7.310136
7.462993
7.632132
7.792336
7.932539
8.091814
8.189728
8.371451
8.551429
8.723651
8.858844
9.023719
9.168140
9.328095
9.489977
9.651610
9.802176
