0.000000
0.224150
0.438526
0.653855
0.793129
0.881293
1.110884
1.331202
1.465057
1.559093
1.670272
1.769751
1.886327
1.977302
2.104195
2.187869
2.310544
2.394785
2.609773
2.840385
3.051814
3.281519
3.497438
3.742336
3.943605
4.157664
4.287846
4.379365
4.493946
4.599728
4.716123
4.808821
4.933175
5.023379
5.135692
5.233356
5.464558
5.660227
5.901202
6.109206
6.341134
6.549841
6.770340
6.895737
6.981814
7.206825
7.420635
7.652766
7.871383
8.087892
8.304671
8.522970
8.733923
8.925351
9.171338
9.303288
9.395896
9.512155
9.604150
9.719297
9.812200
9.917823
10.016100
10.131610
