0.000000
0.464717
0.641293
0.980952
1.093787
1.291995
1.441519
1.575306
1.727959
1.908957
2.076848
2.209637
2.364739
2.525193
2.684082
2.834626
2.973787
3.156349
3.320318
3.441519
3.592245
3.772109
3.937732
4.062358
4.219161
4.393946
4.559637
4.692971
4.847914
5.017279
5.167642
5.316190
5.456009
5.639864
5.803492
5.925148
6.074989
6.255601
6.418866
6.544195
6.701746
6.874649
7.043515
7.174218
7.329501
7.492268
7.648957
7.784422
7.938277
8.119955
8.284717
8.407824
8.557097
8.735714
8.901542
9.025193
9.182155
9.355306
9.508934
9.655964
9.795329
