0.000000
0.328163
0.490975
0.618707
0.673628
0.881882
0.943810
1.106417
1.228458
1.389773
1.509478
1.683061
1.806939
1.998753
2.127143
2.283923
2.391882
2.579569
2.684444
2.867596
3.005805
3.190454
3.269433
3.322086
3.492426
3.614603
3.782676
3.894240
4.044535
4.201224
4.551179
4.708095
4.803379
4.998141
5.100499
5.437256
5.618163
5.744263
5.915850
6.045805
6.202290
6.330272
6.490227
6.633333
6.809319
6.956236
7.116689
7.230680
7.566394
7.705737
7.856349
8.045465
8.163469
8.329251
8.416962
8.606848
8.734399
8.887823
9.035057
9.201700
9.325148
9.520862
