0.000000
0.321587
0.481020
0.618957
0.798980
0.922971
1.082381
1.204014
1.367438
1.481519
1.651973
1.768095
1.940839
2.050453
2.226281
2.342086
2.506712
2.621089
2.782721
2.925193
3.091973
3.206236
3.374943
3.489955
3.655986
3.778118
3.930000
4.060227
4.227982
4.348481
4.523674
4.640635
4.802857
4.930204
5.086462
5.235352
5.393878
5.513515
5.666939
5.807483
5.977460
6.091905
6.260431
6.382699
6.541406
6.653424
6.814898
6.946621
7.119615
7.238572
7.397959
7.544875
7.711565
7.823107
7.983583
8.114058
8.280521
8.395918
8.551474
8.682245
8.834830
8.960567
9.126735
9.251247
9.421111
9.540340
9.707415
9.838435
10.009750
10.124921
10.289047
10.414172
10.584172
10.700658
10.855488
10.966440
11.121814
11.253810
11.422607
11.549887
11.717324
11.832880
12.000771
12.118775
12.279025
12.401270
12.568844
12.709977
12.884013
12.998708
13.163877
13.280023
13.440590
13.561066
13.730975
13.830499
14.021224
14.138798
14.298412
14.453810
14.620046
14.733515
14.879910
15.008889
15.185533
15.284875
15.466870
15.577801
15.744445
15.854263
16.023991
16.134081
16.297800
16.393492
16.587460
16.722290
16.894875
17.018980
17.185623
17.312382
17.482971
17.594967
17.769161
17.893469
18.058323
18.177891
18.356123
