0.000000
0.291247
0.429161
0.576848
0.730794
0.855125
1.012064
1.132562
1.294422
1.430635
1.588345
1.715238
1.842562
1.991746
2.133764
2.287256
2.427188
2.573288
2.701474
2.852812
2.992064
3.136032
3.281315
3.420454
3.568798
3.711156
3.855079
3.994150
4.135850
4.279184
4.563515
4.848027
4.988005
5.126757
5.277075
5.410884
5.559751
5.701791
5.851610
5.985556
6.146100
6.281837
6.418526
6.560748
6.707075
6.851860
6.999955
7.141542
7.275397
7.419456
7.560703
7.704354
7.857234
7.994354
8.143878
8.284490
8.426327
8.568979
8.709660
8.847960
8.995261
