0.000000
0.283537
0.421406
0.545351
0.583152
0.886531
0.997506
1.152630
1.279252
1.415125
1.587392
1.701497
1.844286
1.999116
2.139546
2.271383
2.415079
2.567823
2.702313
2.857098
3.145238
3.275057
3.422381
3.573878
3.690227
3.843356
3.990975
4.129524
4.268186
4.420590
4.535488
4.689161
4.831655
4.965896
5.103651
5.398163
5.529683
5.643424
5.672857
5.808231
5.938435
6.093673
6.175737
6.230748
6.503741
6.675193
6.770590
6.934354
7.072789
7.203288
7.359615
7.619320
7.646825
7.762063
7.808980
7.885941
7.920567
8.040952
8.140862
8.167188
8.194558
8.296349
8.397483
8.472676
8.757982
