0.000000
0.171678
0.362177
0.500975
0.843084
0.993220
1.180317
1.504694
1.662154
1.820204
1.994512
2.160998
2.319841
2.510136
2.654830
2.811882
3.147664
3.478367
3.817460
3.978639
4.135079
4.292426
4.467460
4.618979
4.791791
4.963696
5.140386
5.442336
5.826032
5.972812
6.305374
6.415306
6.484535
6.550544
6.667596
6.817619
7.326395
7.671066
8.014127
8.218458
8.350317
8.726826
9.050318
9.152766
9.307755
9.384921
9.471338
9.542199
9.630545
9.704263
9.868798
9.935351
10.018254
10.098821
10.174762
10.256259
10.346100
10.412539
10.498005
10.580726
