0.000000
0.141882
0.222404
0.486848
0.742903
0.977914
1.106825
1.205828
1.332177
1.448027
1.605488
1.703447
1.825896
1.932540
2.071224
2.156485
2.419592
2.673220
2.784830
2.911701
3.051996
3.131088
3.263243
3.387574
3.539592
3.625873
3.862630
3.978526
4.218050
4.323515
4.469728
4.570204
4.683810
4.780612
4.928367
5.038050
5.182539
5.269252
5.383900
5.490499
5.616395
5.709297
5.830635
5.977188
6.078753
6.181088
6.426780
6.535442
6.658571
6.771633
6.881655
7.013243
7.112607
7.236281
7.340136
7.458617
