0.000000
0.132902
0.258050
0.394399
0.517868
0.643107
0.769660
0.888027
1.018730
1.148141
1.270340
1.406122
1.513243
1.640476
1.757574
1.883220
2.008934
2.144218
2.266326
2.411225
2.525352
2.649887
2.777483
2.905510
3.026576
3.164694
3.288299
3.409887
3.525737
3.646803
3.771973
3.903311
4.020453
4.153129
4.279546
4.404059
4.526417
4.667098
4.778843
4.907642
5.035896
5.169002
5.282925
5.413356
5.524694
5.647392
5.769637
5.894082
6.029750
6.150589
6.277098
6.405193
6.521156
6.655034
6.771587
6.899410
7.019932
7.146213
7.270318
7.391293
7.504716
7.639184
7.763946
7.879569
