0.000000
0.271519
0.399206
0.513651
0.763605
0.908889
1.014059
1.137097
1.249977
1.379932
1.494603
1.751247
1.875601
1.996735
2.125669
2.245420
2.383039
2.498254
2.738753
2.877846
2.993197
3.109841
3.232676
3.368730
3.469592
3.600884
3.717030
3.844943
3.949478
4.456735
4.702086
4.945533
5.065646
5.180861
5.305646
5.414013
5.663152
5.790680
5.911860
6.036417
6.145147
6.283583
6.362540
6.515624
6.611950
6.776667
6.863174
6.985397
7.107936
7.354513
7.572177
7.830816
8.338345
8.589297
8.732857
8.833719
8.962381
9.074535
9.199093
9.314830
9.566463
9.691202
9.814920
10.055012
10.181021
10.254376
10.409547
10.482857
10.653107
10.771406
10.895374
11.012857
11.149252
11.252087
11.501451
12.239048
12.682132
13.298096
13.721905
13.789184
13.924059
14.020476
14.139932
14.255170
14.369977
14.484672
14.621610
14.728798
14.844490
14.963243
15.072472
15.199161
15.334309
15.449410
15.565261
