0.000000
0.050476
0.264218
0.500771
0.653696
0.755805
0.894671
0.980884
1.108571
1.232925
1.352653
1.431973
1.701723
1.832313
1.957392
2.086939
2.207551
2.331519
2.416780
2.700499
2.820227
2.944286
3.046213
3.183583
3.300794
3.369955
3.433855
3.585533
3.676100
3.799229
3.913560
4.021996
4.145510
4.344422
4.397800
4.617755
4.756598
4.864354
4.996735
5.121973
5.243197
5.318503
5.489229
5.614966
5.738503
5.848208
5.956621
6.085601
6.209705
6.310658
6.468708
6.580930
6.692948
6.829955
6.951814
7.069660
7.179070
7.263402
7.537256
7.678571
7.792222
7.918571
8.035895
8.240793
8.431293
8.529456
8.662834
8.771406
8.888934
9.011179
9.135351
9.203719
9.435374
9.493469
9.620975
9.724286
9.840204
9.975465
10.166281
10.216939
10.370544
10.463787
10.585691
10.693877
10.815442
10.931905
11.125329
11.186462
11.422245
11.551768
11.662131
11.788481
11.895329
12.089207
12.142879
12.308390
12.390907
12.503424
12.626644
12.729275
12.860363
12.917370
13.080317
13.356553
13.476349
13.597075
13.712834
13.835125
14.033719
14.091043
14.230159
14.283787
14.575102
14.805578
14.926916
15.048911
15.171565
15.276395
15.404172
