0.000000
0.227166
0.438481
0.650068
0.867188
0.959751
1.054762
1.265351
1.469138
1.605805
1.677891
1.885828
2.104490
2.317166
2.527732
2.657302
2.928072
3.278050
3.552880
3.765193
3.978186
4.068503
4.181406
4.285918
4.374535
4.589614
4.993606
5.206417
5.431338
5.980567
6.244943
6.591111
6.871973
7.091701
7.303832
7.404014
7.510816
7.618435
7.910771
8.121474
8.321043
8.531043
8.752064
9.175669
9.313084
9.570612
9.982449
10.189683
10.408844
10.829365
11.218299
11.627528
11.844331
12.055896
12.473878
12.579842
12.871043
13.492608
13.708821
14.226735
14.322154
14.525193
14.734195
14.829864
14.917869
15.140272
15.356576
15.570498
15.793175
15.894173
15.997029
16.114286
16.288389
16.392382
16.495783
16.595850
16.917459
17.225624
17.426825
17.522087
17.808277
17.916689
18.010658
18.111429
