0.000000
0.068027
0.153220
0.276916
0.413265
0.617551
0.702540
0.833039
0.973991
1.100272
1.169955
1.242109
1.403152
1.678231
1.829683
1.961066
2.083039
2.234490
2.358118
2.499093
2.607982
2.777801
2.841519
3.073152
3.202766
3.352086
3.495510
3.624218
3.759547
3.891361
3.996531
4.178912
4.309297
4.448118
4.560590
4.705533
4.818639
4.877891
4.989841
5.046281
5.273197
5.401066
5.551157
5.668889
5.807914
5.940930
6.076803
6.188571
6.358481
6.489954
6.643538
6.768911
6.907030
7.037347
7.177415
7.461746
7.584150
7.729728
7.857823
7.990658
8.122472
8.251973
8.530521
8.647529
8.808957
8.930680
9.064739
9.168277
9.336916
9.464422
9.621406
9.744944
9.826894
9.899365
10.008799
