0.000000
0.248005
0.369569
0.501474
0.623515
0.746553
0.847574
0.979955
1.102313
1.213515
1.462540
1.665079
1.819841
1.945669
2.183742
2.316803
2.432540
2.560726
2.682971
2.792200
2.921383
3.041950
3.152358
3.275170
3.401905
3.536667
3.640748
3.755261
3.889569
4.094830
4.256894
4.377188
4.502381
4.597030
4.734490
4.853878
4.980114
5.091474
5.218322
5.329138
5.435329
5.574898
5.681791
5.817052
5.919955
6.021383
6.183673
6.299388
6.418073
6.517596
6.650431
6.776394
6.885079
7.012585
7.151156
7.216848
7.365828
7.490023
7.610907
