0.000000
0.113492
0.265941
0.430794
0.529796
0.641837
0.694444
0.810272
0.960794
1.069025
1.177551
1.237868
1.326304
1.487732
1.568073
1.707075
1.762041
1.856553
2.015193
2.114853
2.291519
2.389546
2.563923
2.649660
2.823878
2.924444
3.080544
3.183492
3.298413
3.352449
3.449864
3.619274
3.697143
3.813039
3.873039
3.985533
4.140680
4.240567
4.410068
4.513175
4.681655
4.756780
4.948730
5.057574
5.155919
5.225488
5.316236
5.420363
5.500227
5.565012
5.695261
5.752063
5.827574
6.030340
6.099637
6.289705
6.363832
6.550907
6.645895
6.805941
6.895760
7.070159
7.170408
7.328254
7.427256
7.536599
7.590680
7.690567
7.861655
7.946213
8.061746
8.125329
8.221202
8.384013
8.477823
8.601021
8.652472
8.749025
8.913016
9.006236
9.180476
9.285102
9.391247
9.539864
9.645351
9.716576
9.799047
9.963537
10.062177
10.234195
10.328979
10.481316
10.578957
10.743152
10.836644
11.001927
11.097007
11.277460
11.383470
11.543628
11.641746
11.754376
11.821157
11.910567
12.080680
12.167823
12.277596
12.342336
12.436304
12.600657
12.699252
12.813855
12.868163
12.964422
13.133310
13.217166
13.348980
13.494331
13.637074
13.750749
13.861542
13.935850
13.999229
14.184716
14.239547
14.376372
14.431179
14.528685
14.705895
