0.000000
0.255215
0.473764
0.710136
0.827732
0.921406
1.159093
1.377574
1.610975
1.844172
2.073243
2.194422
2.291497
2.416712
2.521701
2.755283
2.988413
3.231043
3.368481
3.456667
3.535079
3.588753
3.657075
3.897642
4.109728
4.330657
4.453402
4.548435
4.664603
4.769365
4.990771
5.119796
5.216893
5.335850
5.434399
5.559048
5.652472
5.770045
5.849637
5.915238
6.019751
6.313129
6.554898
6.921315
6.993243
7.155828
7.221020
7.456576
7.687392
7.912109
8.032041
8.135533
8.382698
8.598254
8.712426
8.821406
8.933651
9.042744
9.160703
9.263424
9.381338
9.493038
9.605329
9.705238
