0.000000
0.071837
0.172290
0.307551
0.433265
0.763968
0.917506
1.035125
1.180907
1.333333
1.506508
1.627574
1.778912
1.911429
2.068707
2.208753
2.343469
2.509410
2.794445
2.945760
3.079388
3.216644
3.385147
3.518209
3.676032
3.850771
3.967120
4.123968
4.196123
4.272676
4.414853
4.543764
4.694286
4.837732
5.002767
5.127846
5.435737
5.588209
5.713923
5.859116
6.014989
6.165420
6.291973
6.486440
6.605487
6.912494
7.063175
7.199615
7.513719
7.664150
7.770091
7.944785
8.091156
8.250658
8.392925
8.596100
8.676780
8.827483
8.994286
9.169683
9.295487
9.428277
9.586485
9.759750
9.840227
9.897982
