0.000000
0.052063
0.180317
0.349546
0.505125
0.682812
0.876644
1.044875
1.219206
1.382154
1.550431
1.719773
2.069342
2.262222
2.433265
2.612517
2.786962
2.956009
3.112132
3.280385
3.459932
3.645737
3.814104
3.997710
4.163129
4.337007
4.499864
4.853469
5.044331
5.207460
5.381338
5.466576
5.543674
5.727937
5.892222
6.063152
6.149320
6.228277
6.419320
6.583742
6.757755
6.926553
7.100113
7.257392
7.618299
7.777506
7.970159
8.148889
8.320681
8.500181
8.660816
8.836371
9.011270
9.178481
9.361701
9.544989
9.712472
9.879841
10.043674
10.410340
10.573288
10.753628
10.925034
