0.000000
0.080930
0.149388
0.326531
0.570431
0.830204
1.104240
1.354263
1.609048
1.745533
1.876304
2.038640
2.195125
2.323424
2.468503
2.736848
2.891905
3.801157
4.133832
4.296961
4.430907
4.586009
4.721111
4.887052
5.024671
5.201678
5.341837
5.505125
5.650499
5.811950
5.945827
6.109683
6.186621
6.242041
6.415941
6.554354
6.696123
6.858050
7.020680
7.155238
7.328118
7.434513
7.755216
7.891293
8.055805
8.204286
8.357506
8.518526
8.658005
8.763083
8.831860
8.954218
9.120680
9.259365
9.427959
9.545465
9.708912
9.859433
9.985080
10.165828
10.272562
10.336259
10.469184
10.603356
10.759569
10.909796
11.057596
11.222789
11.368504
11.510726
11.640000
11.841905
