0.000000
0.180703
0.332132
0.512064
0.590227
0.663492
0.844331
0.994172
1.168209
1.315147
1.499252
1.644512
1.813719
1.968957
2.155601
2.297392
2.481565
2.625238
2.811224
2.956077
3.137438
3.287392
3.471156
3.619841
3.793288
3.943605
4.123900
4.268640
4.444104
4.593107
4.762721
4.901315
5.244671
5.423560
5.574014
5.758186
5.911157
6.091519
6.235352
6.427937
6.566757
6.754716
6.903651
7.073084
7.228866
7.404218
7.547801
7.745646
7.876462
8.053764
8.203764
8.383878
8.523220
8.707256
8.848821
9.026690
9.179229
9.353560
9.499047
9.669932
9.818254
9.981179
10.128594
