0.000000
0.270952
0.398050
0.544490
0.830816
0.974014
1.086440
1.347846
1.480567
1.608617
1.738367
1.869206
2.022970
2.132721
2.265533
2.386689
2.507234
2.661519
2.772812
2.916145
3.045034
3.171247
3.293016
3.443492
3.565964
3.688073
3.823991
3.949773
4.111769
4.209002
4.328163
4.466372
4.595601
4.730136
4.844377
4.986644
5.117075
5.243379
5.363945
5.516531
5.638526
5.759569
5.894603
6.020249
6.180998
6.281270
6.400023
6.538934
6.666576
6.798005
6.904240
7.048866
7.177347
7.304535
7.422494
7.571270
7.694422
7.819343
7.954422
8.080522
8.240408
8.342155
8.458458
8.598730
8.726258
8.860000
8.971497
9.116282
9.244376
9.371247
9.490816
9.641520
9.761746
9.886440
10.021814
10.147142
10.308322
10.408685
10.526871
10.666009
10.794898
10.927007
11.045851
11.181791
11.310045
11.431973
11.549456
11.685442
11.801542
11.937914
12.055873
12.187733
12.313016
12.439614
12.555420
12.680748
12.801452
