0.000000
0.156372
0.249773
0.358458
0.460612
0.704104
0.830726
0.940000
1.031882
1.132268
1.194649
1.361542
1.850000
2.292426
2.536145
2.689773
2.758277
2.981179
3.194490
3.423197
3.533674
3.651701
3.875964
4.120408
4.362857
4.569796
4.820113
5.053810
5.462041
5.539886
5.990635
6.444581
6.636961
6.867528
7.314240
7.388367
7.863174
8.333265
8.522721
8.799252
9.256123
9.320386
9.383106
9.699025
9.952971
10.188004
10.377392
10.457279
10.648232
10.888390
11.091474
11.347257
11.548118
11.787189
12.263878
12.320272
12.478141
12.734739
13.134581
13.334966
13.420158
13.500385
13.648480
13.709116
13.872108
13.961225
14.088776
14.169456
14.335714
14.618708
14.811474
14.882540
14.981701
15.093514
15.191020
15.279614
15.508934
15.568979
15.626781
15.714422
15.921791
16.019455
16.199955
16.372675
16.433424
16.484423
