0.000000
0.195941
0.346168
0.519683
0.649433
0.962222
1.103243
1.279683
1.418685
1.598639
1.729955
1.919683
2.062358
2.226825
2.337801
2.402562
2.551519
2.675488
2.843061
3.017030
3.166304
3.313606
3.468413
3.610680
3.775510
3.898730
4.107165
4.277324
4.431859
4.564875
4.747800
4.891791
5.072970
5.206621
5.386349
5.509592
5.563832
5.710204
5.861882
6.020227
6.158617
6.321361
6.471928
6.657052
6.798299
6.982222
7.141950
7.287800
7.431995
7.607982
7.730204
7.921088
8.073515
8.227438
8.535646
8.668594
8.842676
9.156032
9.314331
9.451678
9.588096
9.749093
