0.000000
0.216531
0.443560
0.659070
0.867528
0.993197
1.083628
1.199070
1.293583
1.405850
1.501519
1.608231
1.708980
1.918980
2.145397
2.353923
2.564399
2.695306
2.777710
2.996395
3.208073
3.432925
3.649184
3.802290
3.868730
4.083016
4.294875
4.415873
4.502767
4.733424
4.942290
5.168344
5.384422
5.605238
5.812245
6.015442
6.150249
6.242653
6.359274
6.451474
6.563719
6.662154
6.763310
6.863107
7.086145
7.192744
7.305261
7.495941
7.621587
7.740975
7.955578
8.170703
8.374467
8.587256
8.709138
8.808299
9.028775
9.140975
9.240181
9.328344
9.395782
9.453560
9.678004
9.789660
9.890726
10.020386
10.096417
