0.000000
0.257256
0.519524
0.765601
1.272676
1.510794
1.767075
1.861474
1.997392
2.114717
2.243515
2.483265
2.733605
2.828390
2.973515
3.062721
3.212721
3.438367
3.936871
4.132630
4.178889
4.374535
4.412132
4.662494
4.905986
5.011270
5.149116
5.387143
5.637029
5.742721
5.872494
5.992177
6.110363
6.356054
6.594150
6.700975
6.834558
6.930567
7.067143
7.309048
8.032154
8.271383
8.509388
8.766984
8.876916
9.006735
9.243356
9.494127
9.613968
9.730952
9.848821
9.967075
10.212132
10.454694
10.567891
10.694807
10.795986
10.934989
11.170113
11.661429
11.858844
11.914331
12.102834
12.151247
12.397483
12.647143
12.886349
13.126599
13.371927
13.610952
13.835601
13.959070
14.077778
14.186508
14.308390
14.434739
14.555374
14.792245
14.912608
14.985556
15.048163
15.281224
15.381383
15.491746
