0.000000
0.367619
0.725964
1.094830
1.424195
1.554195
1.673719
1.750091
1.893900
1.987959
2.125533
2.340454
2.661995
2.801610
3.153877
3.724603
4.060295
4.231360
4.393129
4.561746
4.715805
4.795760
4.895987
4.992313
5.140045
5.249456
5.327256
5.430703
5.501837
5.928526
6.215397
6.291020
6.377256
6.468730
6.547098
6.622290
6.813197
7.165624
7.495646
7.656326
7.771610
7.875510
7.992426
8.123810
8.221972
8.335624
8.699093
8.961610
9.013968
9.078118
9.253537
9.757914
9.857438
9.935284
10.022948
10.096009
10.193334
10.274014
10.359093
10.438844
10.539524
10.613628
10.695533
10.779547
10.859433
10.950953
11.032834
