0.000000
0.052789
0.361270
0.652880
0.963515
1.134014
1.237755
1.414694
1.517166
1.679161
1.811587
2.120295
2.286463
2.364671
2.416122
2.569297
2.686576
2.847959
2.973515
3.278209
3.414399
3.473742
3.538844
3.717165
3.817075
4.090862
4.397755
4.557120
4.672653
4.977075
5.269115
5.557279
5.843084
5.948549
6.016893
6.119909
6.256054
6.382404
6.676667
6.831860
6.967710
7.122812
7.230612
7.381338
7.519229
7.825782
7.893719
8.026530
8.088412
8.177074
8.253583
8.326712
8.412495
8.469977
8.581746
8.663696
8.751406
8.817392
8.894943
8.957052
9.026463
9.104399
9.177574
