0.000000
0.155261
0.302494
0.460317
0.593855
0.758957
0.905850
1.047914
1.178798
1.338413
1.451678
1.597256
1.742903
1.893583
2.017302
2.182041
2.296576
2.458073
2.564172
2.700249
2.836123
3.008753
3.134535
3.310658
3.433877
3.592880
3.711225
3.883991
3.994535
4.144376
4.269365
4.418254
4.541973
4.687166
4.835941
4.987891
5.126395
5.283197
5.425533
5.560499
5.701973
5.855034
5.973855
6.101338
6.253878
6.539978
6.706236
6.820862
6.983787
7.099955
7.270793
7.358685
7.507030
7.769274
7.829048
7.912608
8.196530
8.374353
8.475827
8.627778
8.734716
