0.000000
0.259705
0.502426
0.623197
0.873288
0.996803
1.246757
1.443855
1.494875
1.664535
1.768594
1.863923
1.994512
2.255170
2.364150
2.500136
2.629161
2.750272
2.858095
2.980590
3.162517
3.231429
3.485374
3.748617
3.851293
3.973175
4.096304
4.204966
4.469773
4.715692
4.826213
4.947846
5.077778
5.203560
5.293220
5.441496
5.576848
5.677370
5.795012
5.920748
6.041497
6.155556
6.398911
6.530476
6.635352
6.754331
6.869546
7.119478
7.370590
7.464603
7.585147
7.689864
7.815374
8.054581
8.171361
8.405192
8.515328
8.647369
