0.000000
0.170567
0.299932
0.413651
0.536304
0.692766
0.806667
0.923832
1.057302
1.190816
1.312766
1.446553
1.590227
1.708662
1.847075
1.973855
2.096553
2.248730
2.374853
2.508753
2.623832
2.766939
2.887347
3.003243
3.100385
3.265782
3.386939
3.512948
3.656327
3.764807
3.905964
4.026621
4.170045
4.300725
4.435964
4.540340
4.689274
4.831315
4.937642
5.068345
5.184649
5.318277
5.400000
5.566621
5.717143
5.840204
5.964445
6.085533
6.222631
6.358050
6.481020
6.621315
6.737279
6.886871
6.997233
7.128911
7.252404
7.392222
7.506644
7.651542
7.776848
7.919410
8.011768
8.136780
