0.000000
0.115011
0.231156
0.440181
0.649819
0.788141
0.875238
0.977687
1.096825
1.215057
1.433946
1.523424
1.646848
1.754082
1.864943
1.967914
2.185261
2.399297
2.537075
2.622449
2.725510
2.837392
2.955986
3.054580
3.181474
3.274762
3.395442
3.493492
3.612494
3.723175
3.940068
4.155533
4.291656
4.380272
4.484558
4.612766
4.715692
4.924558
5.018798
5.142268
5.253991
5.367052
5.467619
5.690952
5.899501
6.028594
6.116213
6.224966
6.357551
6.454898
6.563265
6.660816
6.756394
6.877211
6.987098
7.114082
7.224444
7.435488
7.640408
7.776621
7.868662
7.967165
8.090499
8.199274
8.298753
8.407801
8.506735
8.619411
8.733334
8.855215
8.957120
9.174105
9.382176
9.520567
9.613538
9.704353
9.808208
9.939297
10.144399
10.238458
10.466281
10.899864
11.141383
11.451996
11.633741
11.814830
