0.000000
0.194399
0.321542
0.475351
0.628005
0.936916
1.088617
1.242608
1.412313
1.523719
1.841179
2.035624
2.146077
2.330227
2.462630
2.650454
2.766349
3.076485
3.397483
3.553288
3.713424
3.868639
4.002767
4.166122
4.269161
4.483719
4.591292
4.770136
4.906100
5.237279
5.393900
5.527914
5.846916
5.992358
6.136803
6.306848
6.414898
6.719183
6.897120
7.014875
7.139116
7.206191
7.303741
7.618208
7.776417
7.923583
8.071814
8.202630
8.512426
8.678526
8.822517
8.993402
9.125102
9.248957
9.416735
9.594036
9.668776
