0.000000
0.297982
0.418073
0.609252
0.803878
0.989977
1.079592
1.186349
1.380204
1.581723
1.765918
1.868390
1.987574
2.246599
2.362744
2.556281
2.758662
2.934921
3.050590
3.121134
3.400408
3.529252
3.718526
3.909116
4.091859
4.202925
4.291905
4.484172
4.691633
4.875102
4.964626
5.087415
5.257846
5.374717
5.454195
5.659116
5.764104
5.853242
6.041043
6.156326
6.222313
6.534127
6.654921
6.825215
6.917936
7.018549
7.215147
7.420227
7.624875
7.822313
8.004354
8.107369
8.219864
8.393628
8.501202
8.587483
8.702064
8.798118
8.893288
8.987755
9.105397
9.235600
9.348095
