0.000000
0.147256
0.294785
0.474104
0.542993
0.753651
0.852245
1.038934
1.144444
1.323016
1.423696
1.592426
1.710045
1.871292
1.981292
2.149977
2.270091
2.435102
2.560907
2.738118
2.843583
3.004875
3.118662
3.297075
3.405442
3.584104
3.692562
3.854580
3.973900
4.145397
4.241882
4.415284
4.535170
4.697732
4.820499
4.931723
4.985306
5.105238
5.282472
5.383855
5.558571
5.676145
5.851383
5.931973
6.128458
6.249252
6.407030
6.522404
6.706417
6.807891
6.972132
7.086009
7.265851
7.365646
7.539184
7.658390
7.835941
7.933492
8.069116
8.138594
8.217052
8.415760
8.506667
8.575987
8.635012
8.688345
8.752494
8.815783
8.870090
8.992245
