0.000000
0.099433
0.167370
0.231156
0.334512
0.480272
0.750317
1.028390
1.321587
1.466032
1.600068
1.769048
1.903265
2.052585
2.184603
2.330408
2.467188
2.589206
3.211225
3.343741
3.488141
3.614308
3.769614
4.072676
4.215623
4.361973
4.656734
4.786168
4.931769
5.230793
5.527234
5.672812
5.806757
5.943492
6.089841
6.404036
6.549116
6.652063
6.988141
7.233583
7.452902
7.578526
7.847483
8.019978
8.158050
8.211746
8.444241
8.742495
8.878140
9.034104
9.323787
9.478526
9.613583
9.915329
10.050272
10.188684
10.352200
10.485533
10.624740
10.774399
11.073016
11.215692
11.393266
11.535714
11.672607
11.815011
