0.000000
0.253696
0.487732
0.736190
0.857710
0.968844
1.085782
1.198549
1.314308
1.426621
1.660794
1.756100
1.867528
2.120408
2.356417
2.599116
2.712903
2.833741
2.942245
3.057982
3.180884
3.289410
3.400544
3.528481
3.636100
3.737143
3.972721
4.223900
4.461927
4.584807
4.698775
4.820000
4.925465
5.033515
5.150703
5.257574
5.394422
5.508730
5.617279
5.868889
6.096712
6.338843
6.453220
6.567710
6.672290
6.796735
6.901814
7.007687
7.145873
7.251950
7.360295
7.470816
7.692585
7.821179
7.931179
8.072993
8.285261
8.395488
8.629546
8.747528
8.856462
9.097506
9.207029
9.315125
9.559319
9.784921
10.033991
10.147733
10.268480
10.371247
10.494059
10.609524
10.725692
10.968208
11.075011
11.171157
11.414580
11.657279
11.897778
12.025669
12.131134
12.242495
12.358798
12.458367
12.593447
12.700544
12.799047
12.918277
