0.000000
0.186508
0.320590
0.494739
0.604286
0.831791
0.976440
1.162472
1.301678
1.492993
1.632903
1.806372
1.951202
2.133469
2.282948
2.463311
2.608639
2.793175
2.938708
3.118231
3.265306
3.455034
3.600952
3.782630
3.930000
4.106077
4.256508
4.435669
4.582245
4.748911
4.900680
5.239433
5.425283
5.556622
5.745057
5.887914
6.074036
6.224354
6.404626
6.548821
6.719138
6.874422
7.054081
7.204535
7.380431
7.525329
7.710680
7.861270
8.023469
8.175601
8.353742
8.505737
8.688141
8.831292
9.012403
9.155895
9.318458
9.475284
9.644943
9.800318
10.115261
10.276599
