0.000000
0.135556
0.263537
0.396916
0.519297
0.638095
0.766916
0.890635
1.008980
1.158050
1.274036
1.392177
1.516712
1.642698
1.763492
1.900340
2.007619
2.280227
2.500091
2.672766
2.768073
2.900862
3.010340
3.161995
3.279569
3.387959
3.503674
3.631973
3.751587
3.886599
4.014785
4.275918
4.527846
4.652699
4.779433
4.896508
5.001134
5.156734
5.262699
5.392857
5.517959
5.645850
5.772653
5.903424
6.022426
6.159229
6.277596
6.411497
6.532426
6.653401
6.772041
6.901361
7.020998
7.142041
7.263333
7.378685
7.508503
7.633968
7.753537
7.886576
