0.000000
0.613243
1.094739
1.190499
1.314331
1.553469
1.666191
2.003605
2.361224
2.449184
2.546621
2.689887
2.986395
3.375692
3.448073
3.532268
3.671179
3.954490
4.024218
4.264286
4.361315
4.600794
4.697279
4.930794
5.036825
5.383379
5.722245
6.094354
6.274399
6.596871
6.726485
6.790612
7.071292
7.265351
7.457823
7.544172
7.624309
7.733560
8.065896
8.391746
8.763946
8.863877
8.939728
9.073265
9.232040
9.331134
9.406122
9.465397
9.652539
9.738050
10.085782
10.238232
10.336236
10.408186
10.747778
11.026803
11.076939
11.416122
11.634399
11.725193
11.988299
12.068186
12.125760
12.397937
12.594399
12.651678
12.727664
12.868731
12.942676
