0.000000
0.169365
0.320340
0.481746
0.653469
0.928503
1.144354
1.248821
1.441451
1.598458
1.732131
1.917664
2.091111
2.230181
2.394490
2.550998
2.744376
2.857506
3.042721
3.190658
3.373152
3.512676
3.678277
3.817483
3.992154
4.145011
4.305488
4.473220
4.613311
4.790816
4.948231
5.091746
5.266100
5.407052
5.579365
5.745941
5.925011
6.057823
6.214308
6.374943
6.560408
6.689773
6.869750
7.003605
7.181655
7.321270
7.490816
7.635737
7.812200
7.949660
8.142404
8.282381
8.454762
8.598254
8.756644
8.906009
9.087279
9.213855
9.403605
9.540158
9.719683
9.858163
10.015986
