0.000000
0.138730
0.277914
0.397097
0.533605
0.797982
0.931950
1.038707
1.192086
1.299773
1.444535
1.540045
1.789546
1.937574
2.082494
2.191179
2.317574
2.447846
2.569070
2.739365
2.852086
2.991950
3.100408
3.253333
3.335329
3.493197
3.583991
3.845533
3.972880
4.128118
4.247233
4.391973
4.507801
4.646485
4.787392
4.912109
5.057460
5.158005
5.319410
5.412517
5.557755
5.650385
5.703356
5.861270
5.959388
6.084445
6.193945
6.323787
6.456576
6.580249
6.732041
6.882585
6.991224
7.130227
7.230839
7.392041
7.481247
7.670022
7.752267
8.010408
8.126962
