0.000000
0.540000
1.055125
1.321406
1.586893
1.830635
2.083878
2.352290
2.620476
3.123447
3.359297
3.623243
4.124898
4.657891
5.044649
5.155715
5.414898
5.664626
5.918549
6.434580
6.689297
7.154535
7.279320
7.415261
7.549592
7.651723
7.883333
8.145669
8.424421
8.662495
8.891791
9.075556
9.177074
9.441520
9.666531
9.917233
10.153016
10.416372
10.660159
10.914898
11.164784
11.423741
11.659660
11.802381
12.070408
12.176916
12.415828
12.656667
12.899524
13.173198
13.431360
13.665601
13.921700
14.156326
14.278640
14.434127
14.651996
14.909184
15.048208
15.161723
15.414830
15.662676
15.799660
15.899796
16.042381
