0.000000
0.055442
0.242971
0.302698
0.373311
0.434921
0.656531
0.878617
1.013288
1.084807
1.180816
1.299524
1.403197
1.604739
1.717029
2.162880
2.367551
2.511814
2.575556
2.680907
2.788549
2.878957
2.995465
3.192268
3.422540
3.633515
3.728708
3.838073
4.053220
4.149909
4.253696
4.369637
4.471769
4.563900
4.687687
4.907415
5.111292
5.319047
5.404603
5.515669
5.746168
5.952041
6.066735
6.167483
6.249274
6.369025
6.580499
6.791837
7.002925
7.091701
7.213447
7.427256
7.526349
7.635578
7.748707
7.850272
7.941020
8.058208
8.286190
