0.000000
0.287937
0.597188
0.858980
1.012018
1.124671
1.274263
1.390794
1.661633
1.696531
1.824490
1.946032
2.086508
2.190567
2.346780
2.469274
2.624376
2.739637
2.905079
3.021973
3.160907
3.287528
3.428390
3.560181
3.833469
4.000658
4.123311
4.268526
4.387370
4.542154
4.663084
4.815215
4.933719
5.091270
5.220726
5.365261
5.482789
5.638005
5.753152
6.014127
6.051701
6.183492
6.297166
6.446259
6.558776
6.723651
6.833356
6.992200
7.110771
7.142132
7.282222
7.396916
7.543333
7.664626
7.812336
7.943243
8.179206
8.213197
8.465850
8.596508
8.725079
