0.000000
0.192222
0.425079
0.573968
0.634762
0.852902
1.057120
1.267188
1.426916
1.477868
1.689479
1.805329
1.900272
2.114354
2.323628
2.435760
2.537868
2.644875
2.749977
2.871224
2.950816
3.045941
3.154195
3.269161
3.340250
3.554399
3.667778
3.769955
3.989388
4.096622
4.204036
4.415261
4.627438
4.836236
5.057528
5.151587
5.268163
5.363991
5.471020
5.691292
5.800884
5.902449
6.004512
6.096622
6.214467
6.307120
6.417596
6.499637
6.601224
6.692245
6.897506
7.107528
7.304852
7.427301
7.525374
7.734603
7.960499
8.047188
8.158005
8.376781
8.456168
8.571905
8.782562
8.997052
9.105692
9.213787
9.418140
9.617211
9.720771
9.811882
10.007188
10.229229
10.445284
10.653673
10.799115
10.875578
11.089320
11.306100
11.514263
11.727279
11.821723
11.925442
12.033265
12.140476
12.331383
12.419320
12.535306
12.651270
12.753810
12.962630
13.145578
13.261292
