0.000000
0.144830
0.259410
0.394422
0.524331
0.682109
0.776508
0.918866
1.050771
1.176145
1.309320
1.432744
1.556417
1.728367
1.836667
1.952789
2.079887
2.235896
2.350998
2.485261
2.619909
2.771701
2.877166
3.025782
3.141519
3.268685
3.403742
3.539138
3.654263
3.805850
3.918503
4.050454
4.180204
4.318594
4.445057
4.573016
4.698118
4.846916
4.951678
5.104309
5.219750
5.354558
5.478911
5.622902
5.719932
5.892086
5.994739
6.121383
6.259909
6.396735
6.510295
6.658254
6.767302
6.916962
7.032744
7.165760
7.281497
7.416599
7.549343
7.670204
7.791519
7.940612
8.198571
