0.000000
0.069796
0.152744
0.280000
0.435828
0.576168
0.730136
0.869048
1.022517
1.159977
1.300952
1.446712
1.590952
1.731361
1.890680
2.033265
2.171701
2.313560
2.450317
2.597778
2.739796
2.880794
3.037506
3.183016
3.321020
3.476689
3.544286
3.606531
3.764286
3.912290
4.041723
4.182426
4.322381
4.453039
4.730885
4.894671
5.050725
5.191202
5.314943
5.483741
5.637256
5.775714
5.915941
6.061338
6.205873
6.346826
6.504739
6.649025
6.786621
6.932426
7.065442
7.213265
7.354784
7.495692
7.652540
7.797823
7.935646
8.088866
8.159184
8.221928
8.379705
8.528594
8.656576
8.797619
8.936939
9.068232
