0.000000
0.384172
0.523016
0.720816
1.057574
1.209796
1.382812
1.512925
1.708685
2.044172
2.210862
2.381202
2.629206
2.738617
2.966667
3.065737
3.221406
3.396644
3.728073
3.885170
4.052608
4.195034
4.372585
4.520272
4.702993
4.856281
5.034104
5.200227
5.369637
5.587551
5.680363
5.824059
6.053243
6.189297
6.349274
6.521587
6.681043
6.832585
7.025193
7.172585
7.231247
7.344377
7.499728
7.676848
7.913787
7.991157
8.155510
8.323242
8.491746
8.679910
8.838799
8.999434
9.156440
9.318571
9.468821
9.638231
9.780272
9.847800
9.935760
10.100998
10.256825
10.424739
