0.000000
0.134535
0.239093
0.353084
0.447778
0.570998
0.632404
0.772562
0.888730
0.974943
1.075533
1.202018
1.291995
1.382608
1.509478
1.621859
1.736349
1.835578
2.072472
2.149478
2.282970
2.362971
2.486599
2.578299
2.694195
2.799184
2.908549
3.084127
3.229320
3.333333
3.547052
3.646916
3.774150
3.863832
3.934921
3.987982
4.083107
4.196780
4.308118
4.407120
4.644671
4.721497
4.849433
4.935646
5.058277
5.152948
5.266508
5.370884
5.480295
5.656712
5.800181
5.904694
6.025669
6.120657
6.213333
6.359478
6.432404
6.559524
6.665102
6.769909
6.874172
6.994150
7.079841
7.213832
7.298413
7.398140
7.518775
7.630431
7.738526
7.850476
7.930657
8.054331
8.284988
8.510499
8.585624
8.712540
8.824558
8.927732
9.031247
9.143424
9.243877
9.357937
9.463514
9.568027
9.676621
9.782472
