0.000000
0.710340
0.925420
1.062789
1.154376
1.384059
1.598345
1.720023
1.814875
2.002222
2.275646
2.510272
2.726961
2.859252
2.958413
3.166984
3.769887
3.856848
4.077959
4.304626
4.651406
4.752086
4.875193
4.986871
5.142676
5.209342
5.333809
5.437392
5.660839
5.782018
5.873651
5.990476
6.081542
6.312812
6.413605
6.657211
6.894694
7.197914
8.164241
8.327801
9.078186
9.155352
9.230295
9.302132
9.450294
9.523673
9.674399
9.895374
10.021202
10.119025
10.324558
10.555216
10.615238
10.669229
10.781610
10.916463
11.003628
11.142336
11.229932
11.361996
11.455374
11.673787
11.806395
11.903696
12.033515
12.136258
12.362427
12.475692
12.589501
