0.000000
0.223039
0.483764
0.720975
0.835918
0.941995
1.061338
1.155329
1.412562
1.623923
1.858707
1.974898
2.078594
2.214331
2.290726
2.511383
2.642903
2.727800
2.851542
2.946077
3.072381
3.165125
3.280136
3.361882
3.418957
3.525850
3.580363
3.707732
3.804263
3.974558
4.036871
4.269002
4.499161
4.603515
4.703696
4.964490
5.186213
5.421882
5.532132
5.612562
5.864036
6.085987
6.318730
6.432290
6.540612
6.656757
6.760771
6.880454
6.988435
7.100862
7.189456
7.318095
7.411769
7.554444
7.637324
7.881247
8.106395
8.220340
8.313265
8.569048
8.791406
9.025057
9.148095
9.238548
9.474240
9.692040
9.926327
10.161678
10.386939
10.510476
10.606485
10.735760
10.835782
11.073469
11.303832
11.546167
11.682267
11.767868
11.854263
11.904626
11.971111
12.215329
12.430726
12.651020
12.776599
12.869592
12.987256
13.092540
13.309501
13.440998
13.533061
13.656009
13.751247
13.880408
13.969637
14.092925
14.171995
14.237551
14.342449
14.626032
14.876236
15.089796
15.241814
15.310226
15.475397
15.537868
15.774331
16.005850
16.227119
16.354309
16.457415
16.703266
16.913742
17.032608
17.135509
17.253107
17.360249
17.480137
17.578686
17.700182
17.808504
17.925056
