0.000000
0.163333
0.313333
0.473107
0.621497
0.779184
0.925510
1.076236
1.193084
1.356349
1.504240
1.655805
1.783061
1.947188
2.091293
2.250522
2.393084
2.543832
2.689796
2.845215
2.996009
3.150703
3.293719
3.449660
3.595193
3.736326
3.857846
4.035215
4.180839
4.339592
4.479819
4.634875
4.772517
4.923174
5.075011
5.225011
5.375987
5.533923
5.672721
5.830907
5.969048
6.107483
6.263606
6.415011
6.555669
6.720612
6.862585
6.977483
7.154444
7.309048
7.454082
7.610408
7.758639
7.914013
8.055465
8.213901
8.358027
8.500566
8.639071
8.790454
8.935782
9.084399
9.230317
9.384875
9.528889
9.679706
9.830136
9.985261
10.136803
10.296576
10.445873
10.592426
10.735374
10.853039
11.024036
11.175714
11.314672
11.479048
11.602109
11.767256
11.907347
12.060725
12.210114
12.360363
12.491950
12.668300
12.814195
12.971043
13.095170
13.249478
13.404921
13.551429
13.683174
13.838957
13.980952
14.133968
14.251610
14.429955
14.584830
14.741270
14.859025
15.042699
15.193810
15.350499
15.494241
15.647142
15.783356
15.941814
16.081179
16.240454
16.383718
16.535080
16.679886
16.828571
16.978367
17.130999
17.282042
17.432131
17.580069
17.722925
17.868412
18.004875
18.132948
18.294876
18.444309
18.595715
18.735851
18.894081
