0.000000
0.059660
0.530612
0.775488
0.915125
1.051315
1.274830
1.521655
1.654082
1.770680
1.897256
2.005941
2.253900
2.487619
2.546531
2.737007
2.976780
3.236508
3.470544
3.625850
3.990000
4.200657
4.443560
4.687279
4.826326
4.955284
5.167143
5.412948
5.542290
5.651633
5.778141
5.889365
6.125034
6.353809
6.590181
6.823741
7.056576
7.299320
7.434422
7.515782
7.744898
7.832744
7.989569
8.224920
8.461225
8.691270
8.928617
9.162653
9.290953
9.393742
9.525329
9.628458
9.865850
10.093901
10.337778
10.567755
10.809093
11.033334
11.264762
11.317233
11.491882
11.718980
11.952812
12.179070
12.408662
12.640884
12.870136
13.097075
13.330476
13.566054
13.784308
