0.000000
0.494444
0.813107
0.935850
1.044286
1.136395
1.216803
1.296100
1.566372
1.834376
1.920408
1.974331
2.078526
2.359773
2.619433
2.899705
3.008163
3.127234
3.294943
3.362630
3.636122
3.901134
3.981202
4.041043
4.125238
4.294240
4.402109
4.529864
4.665284
4.895714
5.028957
5.158367
5.266780
5.333878
5.400589
5.641610
5.901678
6.001859
6.061360
6.158639
6.301451
6.436803
6.543401
6.664649
6.897075
6.959184
7.025057
7.179592
7.275760
7.352494
7.412676
7.682676
7.904626
8.007347
8.072177
8.177732
8.324445
8.423492
8.552359
8.714513
8.926100
8.979297
9.051950
9.198050
9.303379
9.375760
9.437982
9.714036
9.968412
10.047029
10.110521
10.206916
10.363877
10.475850
10.644377
10.728730
10.984694
11.115918
11.220634
11.316530
11.411633
11.477687
11.737347
11.995170
12.080816
12.150159
