0.000000
0.066916
0.196848
0.358186
0.475193
0.721088
0.869070
0.958186
1.220295
1.648163
1.743719
1.984422
2.071066
2.218685
2.486916
2.751088
2.979705
3.223560
3.469751
3.717415
3.956508
4.192267
4.426712
4.679955
4.912925
5.144399
5.654648
5.907324
5.971746
6.143311
6.388254
6.642381
6.889819
7.140998
7.367551
7.608050
7.850113
8.108798
8.326077
8.578277
8.734308
8.818821
9.091474
9.582041
9.829819
10.074218
10.334309
10.436168
10.575125
10.812471
11.060499
11.234943
11.303878
11.560249
11.798458
12.051587
12.296758
12.540181
12.740839
13.021270
13.533084
13.769501
13.830612
14.004309
14.238436
14.504399
14.769909
15.009706
15.264875
15.515941
15.761315
