0.000000
0.452313
0.890680
1.310930
1.523333
1.724444
1.835737
1.923696
2.134422
2.262086
2.395125
2.541837
2.738775
2.926599
3.037959
3.134921
3.245646
3.338844
3.538912
3.755692
4.171270
4.377573
4.573764
4.793742
4.996735
5.115986
5.192721
5.395555
5.591746
5.642245
5.692472
5.785419
5.895873
5.979841
6.076032
6.171270
6.259297
6.364762
6.464036
6.548957
6.632540
6.727392
6.956009
7.353356
7.555964
7.759002
7.973175
8.335737
8.560567
8.768572
8.856848
9.059546
9.146462
9.263243
9.354195
9.455918
9.548412
9.655873
9.748866
9.840385
9.931655
10.148911
11.068662
11.369116
11.659433
11.766327
11.971202
12.182426
12.267075
12.370159
12.463198
12.559410
12.770317
