0.000000
0.181610
0.270748
0.413333
0.536372
0.656122
0.709320
0.799977
0.945918
1.060952
1.218367
1.326576
1.484467
1.586803
1.721497
1.856259
1.989070
2.127007
2.300522
2.388549
2.558549
2.629660
2.795057
2.939161
3.076576
3.189456
3.363991
3.460204
3.650181
3.723175
3.918050
3.997506
4.136304
4.245986
4.363356
4.415080
4.514081
4.582177
4.644807
4.763129
4.957687
5.048526
5.202449
5.307823
5.448050
5.552970
5.754104
5.825374
5.954150
6.035442
6.106258
6.262608
6.358912
6.553583
6.642426
6.805737
6.909660
6.994648
7.079909
7.182222
7.321814
7.432631
7.555442
7.609637
7.689048
7.855691
7.946667
8.056553
8.108276
8.211473
8.350725
8.433515
8.637891
8.735692
8.798412
8.898005
8.993855
9.108254
9.166825
9.258707
9.423718
9.517369
9.626349
9.693356
9.793198
9.938186
10.058164
10.191565
10.330136
10.495669
10.597665
10.697029
10.752744
10.858753
11.016009
11.130726
11.239909
11.302789
11.409070
11.563016
11.658889
11.770295
11.824241
11.926962
12.105488
12.183990
12.292087
12.345306
12.425420
12.582925
12.710091
12.827936
12.973537
13.121814
13.238526
13.344920
13.406734
13.487597
13.655375
13.762540
13.871315
14.026213
14.201043
14.287551
14.392858
14.444853
14.550657
14.669478
