0.000000
0.194603
0.317143
0.481043
0.619388
0.781043
0.926281
1.073583
1.227460
1.383537
1.535964
1.616712
1.675805
1.743855
1.821791
1.986599
2.144422
2.226961
2.441519
2.603447
2.754286
2.889887
3.056372
3.217370
3.364308
3.515238
3.660317
3.817256
3.968481
4.166621
4.260023
4.422993
4.577528
4.878163
5.029750
5.185351
5.339841
5.474966
5.637642
5.786440
5.932721
6.083356
6.229184
6.396032
6.535011
6.674603
6.848004
6.998685
7.151292
7.250544
7.440385
7.576939
7.733878
7.879660
8.042540
8.193832
8.346961
8.491837
8.641179
8.798911
8.954286
9.098753
9.266984
9.399252
