0.000000
0.134898
0.314739
0.512494
0.662472
0.839796
1.008209
1.168458
1.338095
1.500907
1.656122
1.824581
2.005238
2.056871
2.178730
2.346258
2.521769
2.691950
2.848367
3.018957
3.197098
3.338526
3.534127
3.700544
3.861270
4.030544
4.193356
4.348889
4.517551
4.691633
4.750091
4.872585
5.039093
5.216372
5.385578
5.541678
5.708344
5.889841
6.055782
6.230249
6.399048
6.556848
6.730249
6.892517
7.048413
7.215873
7.391950
7.448163
7.570952
7.750862
7.914490
8.084671
8.239320
8.408367
8.589750
8.756916
8.932471
9.088004
9.278118
9.441859
9.598368
9.778186
9.937098
10.133288
10.291157
10.445238
10.617483
10.779932
10.967234
11.135873
11.242812
11.319274
11.462426
11.777755
