0.000000
0.214302
0.285313
0.454042
0.516500
0.772469
0.823406
0.911802
1.059073
1.165458
1.304552
1.563177
1.658062
1.761625
1.818885
1.878094
1.999552
2.058146
2.319177
2.379073
2.470479
2.584594
2.875802
2.980375
3.123563
3.253646
3.372896
3.536792
3.638708
3.902385
4.058427
4.112563
4.370042
4.435354
4.569687
4.683302
4.818083
4.948927
5.055115
5.182021
5.237114
5.345010
5.454156
5.562042
5.615167
5.720583
5.978292
6.032625
6.100802
6.246406
6.394219
6.487594
6.709364
6.772198
6.868239
6.994740
7.045708
7.165688
7.303573
7.403719
7.537333
7.678636
7.743094
7.799739
8.018250
