0.181859
0.275692
0.328594
0.460499
0.518413
0.667778
0.850952
1.014240
1.180998
1.344354
1.513311
1.628957
1.838095
1.993515
2.157460
2.319410
2.494989
2.657528
2.707869
2.818050
2.997392
3.159569
3.322834
3.482517
3.642245
3.810680
3.964853
4.109910
4.175193
4.282313
4.446712
4.610612
4.775578
4.895533
5.111519
5.251746
5.447188
5.577551
5.770522
5.935193
6.105193
6.254830
6.428504
6.585079
6.747710
6.900227
7.075510
7.235283
7.403764
7.530068
7.724762
7.880567
8.032290
8.199365
8.361202
8.512653
8.680318
8.833333
8.893378
8.998980
9.151270
9.228231
9.309592
9.465465
9.610023
9.663606
9.777188
9.878798
9.943900
10.026961
10.108979
10.183719
10.270521
10.358775
