0.000000
0.253628
0.515533
0.774218
0.914308
1.066961
1.165057
1.315261
1.401315
1.528662
1.787596
1.924082
2.052494
2.296757
2.583175
2.723447
2.820567
3.097097
3.207188
3.342676
3.440862
3.569637
3.812789
3.952517
4.101474
4.327641
4.466871
4.617574
4.861066
5.005964
5.145420
5.244921
5.398232
5.483333
5.612018
5.859910
5.917982
5.997120
6.172449
6.236213
6.373673
6.429275
6.648957
6.947528
7.039864
7.178889
7.424286
7.566553
7.701995
7.816349
7.945941
8.042222
8.200681
8.455397
8.609387
8.709887
9.012835
9.108640
9.259977
9.361950
9.511564
9.605488
9.742699
10.005828
10.144785
10.282766
10.519614
10.662449
10.796825
11.048685
11.194308
11.308345
11.430453
11.547279
11.798435
12.034944
12.304762
12.520613
12.820068
13.041973
13.332335
13.577393
13.667370
13.797505
13.848345
14.105646
14.353243
14.445692
14.525533
14.594875
14.694535
14.776508
14.866621
14.950907
15.035329
15.085759
15.212336
15.293402
15.369229
15.446939
15.776168
15.855465
