0.000000
0.151270
0.281497
0.418798
0.551610
0.702154
0.842971
0.981746
1.122064
1.265624
1.406304
1.545556
1.677982
1.829320
1.964422
2.112109
2.236531
2.380952
2.520567
2.670816
2.804354
2.944376
3.077959
3.363719
3.495964
3.606485
3.774331
3.882562
4.059365
4.180363
4.355011
4.489116
4.627687
4.773651
4.917506
5.050363
5.186281
5.336440
5.486417
5.589297
5.753787
5.864082
6.044286
6.176712
6.322630
6.469183
6.613084
6.740499
6.880363
7.019955
7.180159
7.310136
7.455193
7.599728
7.751814
7.878980
8.014217
8.113764
8.297143
8.397891
8.557461
8.698299
8.847007
8.951180
