0.000000
0.196712
0.350952
0.698866
1.030023
1.214830
1.373197
1.546599
1.694104
2.026962
2.365011
2.594195
2.711882
3.050544
3.385351
3.722834
3.919048
4.056281
4.238572
4.390680
4.738458
5.069456
5.274898
5.384195
5.742653
6.085601
6.416599
6.607165
6.754762
6.944445
7.090045
7.419705
7.758095
7.988708
8.104966
8.423832
8.766893
9.110068
9.292540
9.448254
9.632676
9.771814
10.119659
10.441814
10.632336
10.724195
10.791656
11.106168
11.454422
11.774898
11.944104
12.103266
12.273651
12.423379
12.589184
12.745079
12.903605
13.070408
