0.000000
0.355692
0.561247
0.746395
1.119501
1.266054
1.356848
1.453288
1.817574
1.992472
2.167664
2.343039
2.532358
2.699501
2.876122
3.055419
3.202608
3.287710
3.400499
3.589478
3.945510
4.112267
4.303583
4.456372
4.644127
4.821791
4.975986
5.350091
5.712063
5.875170
6.081519
6.260272
6.415329
6.611315
6.737075
6.798934
6.961474
7.147869
7.322880
7.502131
7.681859
7.855487
8.027460
8.191112
8.367506
8.537437
8.880385
9.081814
9.218050
9.432177
9.580976
9.788571
9.964263
10.145827
10.306077
10.478322
10.655034
10.828617
11.014558
11.362993
11.528662
11.729433
11.907415
12.088526
12.264853
12.437982
12.613900
12.789207
12.966735
13.144263
13.313107
13.511587
13.669297
13.848911
14.051701
14.214694
14.408662
14.571157
14.746916
14.933378
15.107529
15.291043
15.453288
15.642267
15.772177
15.903401
15.958798
16.161814
16.354988
16.503651
16.699636
16.901905
17.042019
17.215170
17.413765
17.576599
17.768549
18.061134
18.122108
18.189932
18.252607
18.328775
18.461451
18.617823
18.801247
18.858889
18.974081
19.031111
19.154989
19.319138
19.507143
19.734648
19.872177
20.033583
20.221134
20.389614
20.573923
20.736372
20.925192
21.084194
21.260702
21.437778
21.615986
21.780998
21.988979
22.154263
22.325352
22.511837
22.579704
22.683901
22.906757
22.991791
