0.000000
0.132063
0.242653
0.398390
0.470181
0.619501
0.716100
0.848730
1.075125
1.174762
1.323311
1.402313
1.548163
1.655986
2.006893
2.115238
2.348798
2.520590
2.600250
2.721927
2.836689
2.950975
3.022766
3.231973
3.299773
3.457075
3.515896
3.696009
3.785601
3.929025
3.984286
4.169501
4.246372
4.401315
4.491088
4.600386
4.718254
4.840340
4.948639
5.113311
5.187891
5.348775
5.434036
5.586803
5.663152
5.843243
5.904626
6.003356
6.131361
6.225896
6.351451
6.580635
6.671383
6.773447
7.002812
7.148390
7.231769
