0.000000
0.176236
0.302676
0.464172
0.617483
0.902336
1.063129
1.193129
1.361225
1.481361
1.628118
1.775624
2.057914
2.237370
2.354263
2.528163
2.613923
2.781179
2.928911
3.210272
3.373469
3.513220
3.649116
3.787188
3.925329
4.082358
4.364240
4.522426
4.659388
4.804762
4.936145
5.098730
5.236327
5.539682
5.693537
5.832131
5.996236
6.123333
6.270408
6.417324
6.699048
6.854195
6.993492
7.156939
7.254807
7.431066
7.571678
7.860748
8.020249
8.148934
8.298163
8.424989
8.598413
8.719728
9.011859
9.169796
