0.000000
0.175601
0.348594
0.517460
0.698118
0.880091
1.074263
1.243515
1.417551
1.598322
1.789977
1.968027
2.142789
2.317234
2.492948
2.653742
2.847800
3.013878
3.197846
3.373605
3.547007
3.716689
3.904467
4.070000
4.255556
4.429615
4.617438
4.789841
4.969660
5.138072
5.318118
5.487392
5.668662
5.835147
6.034694
6.206531
6.380023
6.531587
6.736349
6.902925
7.083538
7.263356
7.451950
7.629433
7.802562
7.977233
8.150748
8.307665
8.502653
8.675624
8.861247
9.039592
9.207551
9.382517
9.568662
9.730091
9.915306
10.089910
10.279524
10.454988
10.632676
10.803560
10.983538
11.152947
11.332744
11.506735
11.698344
11.866621
12.040998
