0.000000
0.512041
0.684308
0.848073
0.990771
1.143764
1.313515
1.466123
1.608662
1.765533
1.934467
2.089909
2.247891
2.410136
2.569614
2.696826
2.837279
3.031996
3.184603
3.343447
3.491179
3.647778
3.814308
3.965329
4.094626
4.274308
4.429592
4.582086
4.731746
4.900159
5.062426
5.232971
5.377279
5.523946
5.691519
5.845488
5.998186
6.167596
6.310227
6.473696
6.615760
6.780408
6.930159
7.071973
7.228662
7.385646
7.559274
7.717007
7.856780
8.012675
8.170295
8.326303
8.476984
8.628163
8.777778
9.263083
9.547688
9.703719
9.860317
10.025646
10.177324
10.328209
10.478299
