0.000000
0.084354
0.144444
0.218798
0.284807
0.563742
0.627755
0.853900
1.055011
1.133469
1.290839
1.416599
1.568141
1.691633
1.980567
2.275125
2.426689
2.478413
2.545419
2.822472
2.882812
3.112585
3.308277
3.386145
3.546100
3.671927
3.823447
3.945760
4.239320
4.531088
4.680839
4.732426
4.800454
5.074717
5.140249
5.370884
5.566531
5.644240
5.803107
5.929932
6.082177
6.205080
6.497370
6.788911
6.938390
6.990068
7.061882
7.335669
7.631156
7.915057
7.981202
8.206168
8.351429
8.607142
8.791860
8.883878
9.012721
