0.000000
0.162494
0.326757
0.493107
0.644376
0.825442
0.972404
1.132630
1.296599
1.445057
1.598549
1.737007
1.898912
2.049410
2.206848
2.374263
2.526962
2.677415
2.840159
3.001769
3.159320
3.309569
3.460658
3.618435
3.775193
3.936213
4.076168
4.232517
4.384014
4.528662
4.688209
4.847483
4.999184
5.155034
5.307846
5.468435
5.626213
5.778027
5.927891
6.084309
6.240907
6.391723
6.542449
6.697234
6.839093
7.002200
7.146100
7.414535
7.616599
7.761587
7.923288
8.076394
8.237641
8.382721
8.527664
8.686168
8.819978
9.133084
9.292245
9.430476
9.745895
9.880023
10.370703
10.527687
10.673016
10.834875
