0.000000
0.193537
0.354263
0.513696
0.686213
0.869252
1.036100
1.203855
1.370952
1.551769
1.709365
1.888775
2.048503
2.233379
2.393651
2.568730
2.733674
2.926803
3.086349
3.220794
3.414603
3.600227
3.763809
3.937392
4.100363
4.279184
4.439342
4.610181
4.778368
4.937891
5.097052
5.291542
5.460385
5.644263
5.799501
6.147098
6.498390
6.682313
6.865488
7.196281
7.370816
7.537483
7.888095
8.239841
8.412449
8.575102
8.747823
8.911678
9.099138
9.260930
9.436031
9.596961
9.772517
9.933696
10.286190
10.466440
10.617982
10.804785
10.924966
