0.000000
0.324172
0.479388
0.621973
0.776077
0.891451
1.095420
1.221202
1.347052
1.454762
1.638322
1.789546
1.931247
2.068367
2.343356
2.534762
2.666394
2.806032
2.946122
3.091134
3.223855
3.393855
3.522154
3.642109
3.749478
3.921156
4.074648
4.218775
4.361859
4.658594
4.970816
5.121564
5.265351
5.418390
5.560635
5.723606
5.848889
5.976100
6.083583
6.266780
6.414807
6.559796
6.700953
6.971247
7.161837
7.294943
7.439705
7.574603
7.719683
7.855760
8.021882
8.152631
8.274240
8.374740
8.548572
8.702812
8.846077
8.987914
9.286122
9.426939
9.564876
9.709297
9.843197
9.996099
10.136893
10.433582
10.561451
10.706190
10.865941
11.004648
11.138412
11.286712
11.540295
