0.000000
0.293288
0.433243
0.549796
0.613515
0.818186
0.984535
1.087801
1.259478
1.381791
1.523356
1.641497
1.808957
1.915465
2.067483
2.184286
2.460680
2.607347
2.730998
2.887029
2.997483
3.172404
3.264875
3.549229
3.697120
3.814150
3.961156
4.083492
4.247574
4.361451
4.630862
4.792517
4.909048
5.183742
5.453719
5.737279
5.872835
6.002358
6.156145
6.274240
6.434376
6.535374
6.819773
6.971270
7.090771
7.364989
7.525442
7.635873
7.898798
8.058095
8.186123
8.346372
8.458753
8.601133
8.724422
9.005239
9.268911
9.551701
9.693243
9.818345
9.989864
10.090703
10.254240
10.358005
10.526009
10.647346
10.777959
10.905396
11.177846
11.442608
11.736803
11.881701
11.993855
12.139115
12.193151
12.271996
12.528413
12.709138
12.821497
12.962336
