0.061542
0.185057
0.318957
0.373039
0.528957
0.661950
0.855079
1.029410
1.117619
1.175873
1.264694
1.319524
1.514195
1.639229
1.856077
1.950952
2.144014
2.289070
2.415510
2.578413
2.903968
3.070068
3.210975
3.366372
3.545306
3.675102
3.841474
3.954218
4.158209
4.415805
4.646508
4.784921
4.911814
5.059615
5.417778
5.590521
5.719138
5.907755
6.049796
6.170839
6.347256
6.678617
6.870612
6.978436
7.158912
7.310045
7.430884
7.605465
7.934240
8.130431
8.181021
8.232585
8.351928
8.419592
8.504762
8.555919
8.665668
8.829229
9.138980
9.192086
9.300635
9.372880
9.457460
9.627846
9.779343
9.939275
10.065284
10.122971
10.417846
10.579161
10.629297
10.765941
10.894377
10.960476
11.051768
11.224762
11.391315
11.717732
11.886599
12.023605
12.180295
12.322585
12.484081
12.537732
12.626100
