0.000000
0.162608
0.258027
0.408413
0.467347
0.630408
0.706712
0.859773
0.989592
1.226122
1.369410
1.467460
1.597800
1.716780
1.827460
1.935873
2.080295
2.160884
2.294286
2.412812
2.677302
2.813651
2.915760
3.038277
3.161995
3.280590
3.389184
3.496417
3.639070
3.761859
3.879796
4.017302
4.111588
4.241655
4.349955
4.613016
4.848844
4.990952
5.088118
5.209955
5.319841
5.458571
5.553220
5.691292
5.808685
5.932789
6.051406
6.161179
6.282063
6.411338
6.520998
6.642018
6.763606
6.878753
7.006553
7.124444
7.242154
7.362403
7.484581
