0.000000
0.167438
0.328753
0.488821
0.647664
0.808866
0.958912
1.125873
1.284490
1.443356
1.597483
1.758934
1.923243
2.084150
2.236032
2.556372
2.718481
2.881066
3.038549
3.200386
3.368526
3.513016
3.677755
3.782154
3.852222
4.002200
4.159592
4.315397
4.477120
4.637347
4.784898
4.943311
5.092517
5.407891
5.573061
5.743039
5.892404
6.051995
6.265488
6.352744
6.510340
6.661610
6.811564
6.974059
7.137733
7.275012
7.616576
7.770204
7.932880
8.085510
8.242789
8.398821
8.548616
8.715601
8.874240
9.028526
9.344240
9.655691
9.966350
10.027596
