0.000000
0.130544
0.306304
0.466213
0.635601
0.773265
0.938005
1.081224
1.239342
1.389547
1.562902
1.680658
1.866372
1.995805
2.208730
2.288934
2.493968
2.579660
2.763424
2.866984
2.918186
3.080816
3.172426
3.227778
3.375964
3.491950
3.662290
3.799909
3.983175
4.113855
4.253605
4.426009
4.587438
4.713560
4.874195
5.024014
5.198662
5.313583
5.521383
5.618708
5.790227
5.918027
6.063038
6.207574
6.384172
6.509093
6.679479
6.802358
6.969365
7.101293
7.302744
7.395805
7.600136
7.698413
7.890816
7.995555
8.154263
8.298027
8.442585
8.584195
8.747006
8.875964
9.003424
9.078775
9.171927
9.309410
9.446803
9.647007
