0.000000
0.247279
0.363764
0.502358
0.742971
0.874785
1.001225
1.126009
1.244989
1.357483
1.457415
1.610703
1.716962
1.830635
1.921224
2.070884
2.201859
2.313923
2.445125
2.690431
2.802063
2.936009
3.061088
3.198503
3.293741
3.420907
3.540453
3.671088
3.780590
3.898141
4.032766
4.141406
4.289207
4.402699
4.644172
4.750544
4.886326
5.005919
5.136803
5.244444
5.360680
5.495510
5.615057
5.731905
5.848549
5.979456
6.092245
6.220499
6.323606
6.545193
6.705510
6.820181
6.940000
7.066621
7.176871
7.298639
7.422267
7.544694
7.671723
7.771678
