0.000000
0.320907
0.464195
0.612313
0.754580
0.912472
1.051769
1.113900
1.197324
1.349093
1.493673
1.612653
1.783968
1.910295
2.080952
2.214286
2.352063
2.499206
2.660317
2.793787
2.940952
3.091361
3.245850
3.370952
3.530318
3.677732
3.817279
3.970023
4.111156
4.240680
4.382177
4.553492
4.695148
4.966621
5.130499
5.293107
5.410000
5.560590
5.701270
5.861837
6.017302
6.122812
6.279025
6.438844
6.567347
6.714445
6.886349
7.020680
7.167959
7.304104
7.449977
7.590544
7.735011
7.848254
8.171769
8.311089
8.447710
8.538639
8.614331
8.762426
8.880249
9.037506
9.191632
