0.000000
0.102789
0.335896
0.600499
0.829751
0.950612
1.069456
1.173605
1.288753
1.541406
1.777460
1.917256
2.025556
2.260340
2.514671
2.755850
2.881542
2.999637
3.113039
3.231451
3.437755
3.716735
3.851565
3.961088
4.193832
4.448209
4.687823
4.810408
4.932494
5.166145
5.413197
5.653378
5.890726
6.126417
6.375714
6.610250
6.735850
6.850272
6.972199
7.089547
7.328934
7.565896
7.810318
8.303175
8.538594
8.660567
8.786508
8.900136
9.010181
9.255374
9.499138
9.630114
9.741927
9.978662
10.236168
10.468526
10.592585
10.716032
10.826894
10.950454
11.182245
11.422018
11.553537
11.667755
11.900023
12.163606
12.394444
12.507596
12.641633
12.748934
12.874240
13.113764
13.354966
13.594286
13.836554
14.067914
14.190363
14.307665
14.429977
14.534059
14.796100
14.915851
15.049229
15.177914
15.269297
15.405465
