0.090499
0.185624
0.252268
0.315646
0.460907
0.557800
0.775034
1.035215
1.269773
1.517302
1.753787
1.879977
1.999252
2.132834
2.236644
2.378254
2.486599
2.728685
2.851224
2.955238
3.199751
3.320295
3.434581
3.555941
3.664671
3.777551
3.901134
4.121361
4.246009
4.366735
4.578095
4.795624
4.937936
5.039886
5.174535
5.284943
5.522086
5.633311
5.737392
5.854376
5.959252
6.101950
6.208231
6.451383
6.584898
6.667166
6.915555
7.021406
7.124127
7.248254
7.359274
7.410590
7.592766
7.720317
7.828300
8.059161
8.170023
8.298911
8.522653
8.650816
8.760476
8.872404
9.000227
9.241111
9.352721
9.454921
9.569751
9.678254
9.809229
9.916122
10.018844
10.143515
10.381292
10.502925
10.613877
10.709773
10.845896
11.078254
11.206259
11.309297
11.543061
11.773469
12.002177
12.122404
12.239932
12.484830
12.598503
12.702539
12.813673
12.922290
13.155375
13.278458
13.381905
13.510000
13.614626
13.739728
13.840137
13.967461
14.078504
14.202086
14.299910
14.425896
14.539433
14.648345
14.750793
14.872766
14.985556
15.103106
15.208322
15.472812
