0.000000
0.236780
0.471156
0.666122
0.886304
1.049615
1.126327
1.326803
1.559365
1.698435
1.790816
1.926145
2.003674
2.226871
2.442154
2.671134
2.812222
2.887868
3.121202
3.322857
3.461610
3.558367
3.779070
3.998481
4.211769
4.353878
4.441973
4.585578
4.655442
4.892925
5.101360
5.326508
5.551429
5.877302
6.328934
6.381247
6.599932
6.741587
6.948549
7.032132
7.162154
7.242835
7.387188
7.470068
8.086780
8.315351
8.516327
8.641701
8.738390
8.946417
9.188684
9.280250
9.505782
9.624014
9.825624
9.934444
10.029524
10.139115
10.226508
10.347030
10.445329
10.872131
11.197824
11.299274
11.405170
11.480725
11.614966
11.710250
11.911201
12.038458
12.114694
12.241179
12.327324
12.459478
12.538344
12.751565
12.878277
12.997642
13.159274
13.221383
13.318345
13.385737
13.610907
13.737143
