0.000000
0.196349
0.294853
0.445805
0.570680
0.715351
0.849025
0.988526
1.126689
1.255828
1.389955
1.517279
1.666576
1.940272
2.068549
2.237823
2.308209
2.376757
2.469320
2.609569
2.748277
2.885079
3.014399
3.156667
3.287347
3.420454
3.555964
3.693061
3.820000
3.962245
4.146349
4.206553
4.274807
4.341587
4.531134
4.623061
4.764717
4.891338
5.027732
5.162539
5.305510
5.442494
5.585556
5.715125
5.852835
5.994467
6.136417
6.255442
6.338073
6.423061
6.540998
6.683379
6.789932
6.879955
6.950068
7.053855
7.228911
7.313311
7.496122
7.612041
7.706168
7.807097
7.891293
8.059660
8.191360
8.337687
8.450227
8.627256
