0.000000
0.089388
0.340771
0.446735
0.663787
0.850045
0.982063
1.034014
1.183991
1.297574
1.395692
1.616122
1.676054
1.881678
1.998685
2.089206
2.214014
2.312358
2.442222
2.535941
2.742336
2.956349
3.170272
3.420998
3.613016
3.710181
3.802426
3.923877
4.014331
4.251655
4.454898
4.645941
4.882358
5.066735
5.276258
5.407188
5.469796
5.630680
5.695442
5.917506
6.138753
6.363741
6.577914
6.795714
7.001360
7.118208
7.203288
7.339206
7.411451
7.641020
7.876054
8.077936
8.292948
8.494490
8.700454
8.797097
8.896757
9.011292
9.104512
9.219910
9.326962
9.478413
9.533334
9.736553
9.955102
10.152177
10.355329
10.557823
10.677755
10.890386
11.101542
11.191701
11.383991
11.611293
11.725215
11.820952
12.041134
12.156667
12.247166
12.454104
12.548662
12.672994
12.768368
12.877392
12.982427
13.098027
13.192676
13.309728
13.399774
