0.000000
0.297188
0.484059
0.605896
0.900635
0.986553
1.078435
1.191406
1.280998
1.347347
1.481769
1.790862
2.079229
2.164581
2.264830
2.350884
2.568526
2.665351
2.913991
2.979501
3.157891
3.213197
3.267596
3.439025
3.547914
3.603469
3.845057
4.149433
4.454490
4.542109
4.629388
4.681973
4.766145
4.918617
5.039751
5.227279
5.320680
5.642812
5.814172
5.903923
6.089796
6.232154
6.497778
6.786191
6.904626
7.010046
7.060295
7.118571
7.208322
7.299161
7.398436
7.658526
7.989229
8.166848
8.268254
8.441859
8.566530
8.878753
9.074558
9.168027
9.357256
