0.000000
0.160181
0.281882
0.408186
0.518435
0.638481
0.752290
0.862834
1.003696
1.167732
1.257256
1.381882
1.510703
1.642426
1.743129
1.866168
1.992449
2.134649
2.233243
2.353016
2.474558
2.610907
2.709048
2.832200
2.956077
3.101497
3.212970
3.347415
3.484218
3.627392
3.724036
3.856961
3.990340
4.134490
4.236259
4.357211
4.478481
4.715034
4.855125
4.976122
5.132744
5.250431
5.380114
5.504739
5.650816
5.747166
5.866349
6.010295
6.141361
6.221995
6.373809
6.500227
6.631837
6.734445
6.852857
6.990975
7.138639
7.248073
7.376894
7.481587
7.643673
7.758753
7.823855
7.992789
8.131315
8.252041
8.369093
8.477573
8.576440
8.727347
8.846009
