0.000000
0.393515
0.476939
0.542948
0.637823
0.837551
0.902086
1.043016
1.163152
1.367438
1.440771
1.536145
1.598753
1.702494
1.903107
1.956984
2.161565
2.219977
2.402494
2.487460
2.578844
2.654444
2.736417
2.939048
3.008345
3.179206
3.252494
3.432404
3.512472
3.607052
3.694172
3.763946
3.971927
4.024512
4.160612
4.268526
4.531202
4.621293
4.695011
4.785488
4.984898
5.050907
5.246168
5.305397
5.534807
5.664399
5.743333
5.832200
6.029660
6.096599
6.327914
6.526054
6.606553
6.690295
6.777302
6.857165
6.986667
7.090317
7.275669
7.359251
7.471632
7.590385
7.699841
7.945510
8.171700
