0.000000
0.272109
0.546553
0.808639
0.943107
1.077098
1.210726
1.350113
1.479887
1.614694
1.736621
1.897370
2.143742
2.269342
2.421950
2.551565
2.682812
2.814354
2.950476
3.072608
3.217347
3.340726
3.472086
3.739501
3.876395
4.014286
4.144649
4.268141
4.378889
4.535737
4.666327
4.796485
4.925238
5.057891
5.185193
5.319320
5.442449
5.574331
5.842358
5.988186
6.116508
6.237642
6.369955
6.491724
6.641746
6.765147
6.900068
7.028708
7.152834
7.276236
7.414376
7.538526
7.663742
7.938980
8.076644
8.209954
8.330091
