0.000000
0.243878
0.479524
0.601905
0.709773
0.825170
0.943628
1.050930
1.182358
1.419819
1.649410
1.886939
1.996236
2.119411
2.345465
2.579728
2.692789
2.803016
2.909569
3.032517
3.164059
3.257075
3.383061
3.504240
3.716961
3.970023
4.094581
4.203810
4.324830
4.447211
4.548980
4.663923
4.786825
4.895374
4.997347
5.115442
5.340317
5.580748
5.793061
5.922177
6.042449
6.167075
6.278050
6.398503
6.503356
6.629138
6.736394
6.848617
6.966349
7.187846
7.430884
7.662131
7.781791
7.905737
8.147483
8.238935
8.353719
8.490090
8.594671
8.717166
8.830181
9.075487
9.174625
9.287143
9.401066
9.513537
9.642993
9.768413
9.996236
10.113424
10.230771
10.351995
10.470226
10.573446
10.693538
10.904716
11.172472
11.285737
11.408775
11.633243
11.748231
11.878163
11.991338
12.105918
12.216531
12.336077
12.453787
12.568707
12.688911
12.807823
12.921496
13.039343
13.139932
13.251429
13.377709
13.497029
13.616032
13.738662
13.833061
13.964376
14.083878
14.189433
14.301814
14.414331
14.639932
14.752744
