0.000000
0.155170
0.279955
0.439524
0.548798
0.702698
0.817256
0.998980
1.113696
1.263968
1.387120
1.508390
1.650816
1.822971
1.920091
2.088186
2.192948
2.333379
2.461247
2.621905
2.731678
2.885283
2.999184
3.180408
3.293878
3.444943
3.568957
3.703968
3.832404
4.004172
4.102245
4.270658
4.375805
4.518345
4.644830
4.804648
4.914671
5.068299
5.182426
5.364648
5.477256
5.628503
5.752200
5.888435
6.017075
6.187755
6.285238
6.453515
6.557574
6.698299
6.825828
6.986871
7.096871
7.250544
7.363900
7.529546
7.658594
7.809569
7.933832
8.070386
8.197098
8.368685
8.467052
8.635578
8.739501
8.901542
9.007370
9.168073
9.277529
9.431928
