0.000000
0.106893
0.332789
0.601247
0.717370
0.824127
0.943900
1.052948
1.290408
1.412177
1.530385
1.653333
1.763401
1.900703
2.024331
2.147324
2.238322
2.378617
2.490136
2.614014
2.728345
2.843537
2.946054
3.072268
3.171633
3.298186
3.408163
3.532222
3.641769
3.780680
3.895283
4.019115
4.116168
4.257551
4.366281
4.500748
4.611837
4.730748
4.837211
4.957755
5.066553
5.194490
5.311701
5.553492
5.693311
5.820907
5.945193
6.035102
6.173968
6.279138
6.530227
6.655465
6.754036
6.891610
6.985079
7.118708
7.232154
7.472970
7.603628
7.741769
7.870816
7.967664
8.110590
8.192404
8.467120
8.596304
