0.000000
0.539342
0.647098
0.776599
0.914694
1.043288
1.180499
1.318662
1.446145
1.586667
1.723492
1.865918
1.986667
2.131723
2.247256
2.392948
2.508617
2.654422
2.763560
2.898685
3.024921
3.165079
3.274739
3.420907
3.529546
3.683038
3.788367
3.926440
4.052313
4.187007
4.308004
4.448413
4.557551
4.710022
4.811996
4.946327
5.086735
5.208798
5.341270
5.481973
5.612358
5.742789
5.897392
6.018163
6.125170
6.259705
6.391723
6.514853
6.647075
6.789569
6.912698
7.049932
7.175669
7.317324
7.436122
7.565102
7.695442
7.829637
7.941202
8.076032
8.208458
8.343288
8.471406
8.604399
8.727302
8.869002
8.967619
9.110113
9.241973
9.370930
9.491859
9.646462
9.775896
9.921587
10.043107
10.195805
10.315850
10.449977
10.586802
10.703379
10.832087
10.987574
11.093401
11.227982
11.355238
11.491950
11.610317
11.739456
11.872948
12.017937
12.120612
12.258753
12.382744
12.522676
12.649229
12.765896
12.899456
13.148685
13.283446
13.422132
13.550771
13.665964
13.810249
13.940476
14.077574
14.190521
14.346485
14.466780
14.595941
14.722199
14.862019
14.971905
15.116894
15.226531
15.362109
15.482676
15.622018
15.742539
15.878912
16.012993
16.248276
16.393061
16.497686
