0.000000
0.580975
0.834444
0.965125
1.095533
1.215805
1.325601
1.610136
1.881179
2.253855
2.370408
2.647166
2.911247
3.051179
3.197551
3.311224
3.418050
3.569048
3.685215
3.939819
4.004308
4.470703
4.734422
4.858095
4.981293
5.234671
5.348889
5.508708
5.630068
5.720408
5.985419
6.085170
6.149025
6.372109
6.494376
6.656349
6.761224
6.880952
7.013402
7.223537
7.285261
7.393016
7.537233
7.667551
7.763447
8.016508
8.138095
8.272653
8.381157
8.518072
8.651996
8.774626
8.884217
9.029614
9.163968
9.255329
9.509411
9.642970
9.762018
10.006984
10.259796
10.534241
10.794694
10.883787
11.045918
11.307461
11.415691
11.564081
11.683923
11.783469
12.284399
12.558095
12.822381
13.099683
13.354876
13.472109
13.603674
13.742381
13.852427
14.104649
14.157120
14.367551
14.635919
14.893786
15.025783
15.144876
15.264694
15.385420
15.524263
15.651406
15.777052
15.884604
16.142313
16.257212
