0.000000
0.185692
0.357483
0.524399
0.712086
0.895147
1.052902
1.232018
1.386531
1.567052
1.724830
2.076984
2.280952
2.424853
2.587234
2.764943
3.108209
3.274490
3.466326
3.637733
3.765442
3.974535
4.141270
4.320227
4.487211
4.649093
4.842018
5.020181
5.172970
5.352404
5.489048
5.844535
6.013628
6.210862
6.393175
6.535714
6.708662
6.878095
7.050725
7.216939
7.411224
7.561837
7.737597
7.898232
8.094105
8.246486
8.417279
8.577551
8.738798
8.910884
9.089093
9.251111
9.425896
9.581111
9.758322
9.912313
10.084580
10.254648
10.414467
10.591882
10.763515
