0.000000
0.055918
0.266939
0.565760
0.845147
0.997415
1.123628
1.259773
1.409365
1.651678
1.824671
1.963605
2.086508
2.242154
2.522925
2.664082
2.792835
2.911361
2.975624
3.043288
3.320544
3.462857
3.589342
3.746122
3.858345
4.022041
4.136395
4.308866
4.401950
4.571565
4.693311
4.861021
4.969864
5.153152
5.413583
5.499796
5.668209
5.786508
5.952336
6.064671
6.336961
6.491202
6.608707
6.879433
7.155782
7.305057
7.429569
7.589116
7.706621
7.875261
7.989592
8.130794
8.268617
8.401361
8.529932
8.659229
8.716077
