0.000000
0.143537
0.270091
0.407007
0.529456
0.699070
0.789320
0.946644
1.064580
1.182268
1.315669
1.457392
1.567279
1.738073
1.846327
1.970726
2.110703
2.255465
2.364649
2.514263
2.630952
2.772290
2.887120
3.028277
3.140748
3.279592
3.408299
3.555533
3.667052
3.811542
3.937619
4.067755
4.189025
4.327211
4.454988
4.583651
4.697982
4.851497
4.984785
5.124784
5.238345
5.383401
5.513515
5.642086
5.779456
5.919002
6.033333
6.164535
6.285533
6.428798
6.552109
6.696667
6.810703
6.959909
7.078027
7.217597
7.330249
7.413628
7.474059
7.597574
7.739728
7.857959
8.013197
8.140657
8.262835
