0.000000
0.463878
0.689229
0.915374
1.043674
1.139388
1.362834
1.583379
1.808322
2.029025
2.247755
2.476871
2.608572
2.708390
2.836780
2.945397
3.144354
3.371338
3.605057
3.818163
4.052132
4.272540
4.396576
4.485397
4.623673
4.716236
4.932313
5.148549
5.385578
5.613855
5.834399
6.070544
6.207755
6.296281
6.427143
6.534921
6.747143
6.974966
7.196077
7.433764
7.654467
7.876327
7.997937
8.084762
8.314308
8.531632
8.761270
8.956213
9.201837
9.413787
9.650725
9.776168
9.864694
9.989592
10.097188
10.307461
10.535057
10.753810
10.999682
11.202154
11.444876
11.567664
11.645215
11.883741
12.081157
12.318458
12.545896
12.781111
12.990294
13.228413
13.351768
13.446667
13.679841
13.895057
14.114875
