0.000000
0.118209
0.381429
0.551066
0.658481
0.931338
1.110000
1.214263
1.343492
1.480839
1.620703
1.744036
1.914422
2.027642
2.170091
2.304717
2.444785
2.561179
2.732449
2.839932
2.994286
3.110726
3.272313
3.385760
3.539909
3.646236
3.803583
3.920045
4.087098
4.193152
4.347438
4.484512
4.632381
4.737687
4.906032
5.025442
5.165669
5.288640
5.458957
5.568821
5.711134
5.834762
5.979637
6.102608
6.268413
6.376553
6.524490
6.653764
6.795102
6.915238
7.079955
7.187528
7.352494
7.467551
7.624309
7.743900
7.890635
8.012222
8.162834
8.280294
8.452495
8.555692
8.694331
8.816826
8.983765
