0.000000
0.200658
0.380476
0.737166
0.945238
1.084399
1.289320
1.432222
1.584512
1.635760
1.771814
2.126644
2.342041
2.481156
2.692880
2.846712
3.036032
3.193469
3.543605
3.753469
3.886168
4.101315
4.246440
4.451882
4.590000
4.942857
5.142721
5.296712
5.478549
5.663764
5.833175
6.007868
6.358277
6.558775
6.700839
6.878118
7.054989
7.253061
7.386281
7.739410
7.958209
8.090703
8.302993
8.447755
8.634195
8.798254
9.155895
9.360725
9.506213
9.721021
9.858594
10.062880
10.205556
10.555964
10.767891
10.898050
11.104195
