0.000000
0.144830
0.281905
0.414376
0.468141
0.558141
0.711179
0.837029
0.990181
1.055986
1.119569
1.273152
1.328050
1.397483
1.565850
1.673447
1.824490
1.945261
2.110204
2.231950
2.370748
2.500000
2.644354
2.784444
2.941451
3.060181
3.226599
3.354943
3.504263
3.627052
3.901860
4.103288
4.192744
4.347506
4.449524
4.625896
4.718775
4.912812
5.028435
5.192767
5.319909
5.469864
5.603900
5.755420
5.845465
6.034535
6.163016
6.320295
6.454444
6.610499
6.729456
6.867143
6.996893
7.143175
7.280658
7.439478
7.558571
7.723832
7.852449
8.001519
8.124149
8.401224
8.600521
8.688458
8.845669
8.978526
9.123810
9.216350
9.411020
9.524853
9.690091
9.813424
9.964830
10.102902
10.250635
10.340114
10.529478
10.660272
10.819070
10.951950
11.109343
11.209501
11.448413
12.072131
12.356440
12.512789
12.634558
12.915329
13.052789
13.191270
13.331519
