0.000000
0.324875
0.615488
0.945964
1.111111
1.231225
1.388844
1.512857
1.684014
1.807143
1.998957
2.134172
2.290499
2.398662
2.589138
2.691225
2.879070
3.014648
3.201610
3.337392
3.507347
3.635125
3.762630
3.914626
4.064082
4.215873
4.718163
4.825215
5.018254
5.154785
5.458549
5.642948
5.774376
5.941814
6.079751
6.235827
6.362540
6.520567
6.665918
6.842041
6.992766
7.153424
7.265669
7.606304
7.745873
7.896644
8.089365
8.208231
8.372811
8.459728
8.650498
8.780408
8.934512
9.086667
9.253106
9.375283
9.575419
