0.000000
0.063923
0.558254
0.768141
0.955057
1.145238
1.311723
1.517392
1.686576
1.832744
2.033968
2.215669
2.272222
2.593696
2.806032
2.931973
3.010249
3.156689
3.359138
3.551701
3.749048
3.926190
4.112653
4.306825
4.488708
4.674308
4.787778
4.867733
5.037664
5.227143
5.419547
5.610408
5.789456
5.889750
5.978776
6.139456
6.328617
6.523084
6.724286
6.911519
7.098367
7.287596
7.473877
7.630998
7.810544
8.004739
8.201655
8.388481
8.571588
8.774762
8.864241
8.944285
9.124536
9.318934
9.513266
9.707959
9.883470
10.070862
10.266462
10.436213
10.621134
10.805147
10.986304
11.175283
11.258911
11.349161
11.424648
11.533311
11.617347
11.713379
11.793968
