0.000000
0.170816
0.353946
0.526349
0.688118
1.042063
1.204966
1.381247
1.558186
1.722585
1.891134
2.059184
2.400771
2.761814
3.108299
3.281791
3.450975
3.794150
3.969365
4.131655
4.302880
4.468572
4.641837
4.803560
5.004920
5.128481
5.502993
5.849977
6.013469
6.111179
6.170816
6.861588
7.199819
7.367007
7.532585
7.859547
8.210250
8.550680
8.722222
8.898571
9.246780
9.414149
9.581927
9.758073
9.935805
10.109116
10.267777
10.460635
10.569614
10.966803
11.300408
11.367029
11.984762
12.238935
12.323265
12.504399
12.560386
12.668957
12.842857
13.020317
13.331179
13.693764
13.860386
14.030748
14.370136
14.708367
15.036644
15.211565
15.372676
15.551928
15.717438
15.897346
16.002495
16.385941
16.559887
16.728231
16.781519
17.066372
17.564173
17.737211
17.925556
18.086054
18.245441
18.414490
18.589682
18.722471
19.093582
19.269547
19.431021
20.446962
20.629229
20.775284
20.947891
21.122450
21.455284
21.630159
