0.000000
0.247229
0.469573
0.724115
0.973573
1.229896
1.351719
1.468646
1.566552
1.686427
1.835552
1.929521
2.184458
2.283646
2.358333
2.422000
2.539792
2.667844
2.786948
2.898865
3.141989
3.273427
3.375365
3.499406
3.596188
3.732854
3.840135
3.980667
4.084479
4.196021
4.311490
4.547677
4.698906
4.784052
5.041219
5.167229
5.277844
5.393302
5.499115
5.602396
5.693656
5.749115
5.998115
6.102833
6.234614
6.359208
6.478416
6.608386
6.709011
6.853073
6.955438
7.082875
7.190552
7.306489
7.392906
7.529635
7.638344
7.763969
7.864313
7.970490
8.122636
8.220261
8.291000
8.355437
8.453875
8.571313
8.796270
8.915667
9.038719
9.163510
9.267917
9.374312
9.493396
9.630219
9.736510
9.849271
9.966084
10.078573
10.193677
10.308375
10.415833
10.513552
10.651750
10.766604
10.879125
10.992854
11.112552
11.236167
11.341708
11.454386
11.571062
11.806907
12.371531
