0.000000
0.138798
0.272177
0.425170
0.538458
0.816145
0.942177
1.065782
1.191791
1.325918
1.472608
1.598073
1.736190
1.856757
2.004830
2.106440
2.255238
2.386531
2.516508
2.638345
2.772789
2.907347
3.034331
3.160612
3.296599
3.434082
3.562131
3.671179
3.827891
3.940521
4.095669
4.216304
4.354717
4.489796
4.608209
4.720953
4.873605
5.004149
5.070544
5.144036
5.266281
5.400658
5.528821
5.658231
5.778957
5.923787
6.050476
6.170748
6.308980
6.446100
6.564580
6.711020
6.827664
6.979093
7.096712
7.233401
7.357392
7.493991
7.610544
7.752676
7.863583
8.004422
8.146712
8.281837
