0.000000
0.070544
0.431791
0.692018
0.790862
0.909206
1.139637
1.379819
1.506100
1.839660
2.065193
2.143673
2.218299
2.458912
2.533832
2.819229
2.899637
3.238435
3.532698
3.595102
3.916689
4.112834
4.251202
4.594581
4.793175
4.910272
5.101134
5.232585
5.486894
5.547347
5.884558
6.211587
6.528209
6.708866
6.844648
7.178231
7.497007
7.698005
7.833152
8.049910
8.130181
8.378662
8.464014
8.670839
8.783606
9.105805
9.275352
9.423038
9.749455
10.055669
10.243265
10.382971
10.685307
11.007846
11.324694
11.646644
11.823311
11.961814
12.285306
12.601043
12.913968
