0.000000
0.194286
0.384603
0.569977
0.756168
0.937302
1.127438
1.321383
1.499048
1.687347
1.876916
2.067188
2.256032
2.438980
2.631179
2.825578
3.014286
3.200023
3.385216
3.570816
3.744989
3.926417
4.517778
4.713084
4.895487
5.075419
5.260227
5.444286
5.626803
5.800703
5.986190
6.172925
6.291451
6.358140
6.543696
6.729184
6.909887
7.089841
7.269886
7.460680
7.635011
7.821587
7.988776
8.175510
8.355669
8.547461
8.736508
8.923356
9.107959
9.289615
9.469773
9.642675
9.823311
10.015511
10.185102
10.375601
10.555941
10.737347
10.918980
11.094852
11.270771
11.461542
11.625397
11.820952
