0.000000
0.148730
0.223628
0.287166
0.366508
0.444558
0.597664
0.854853
0.929410
1.197188
1.346009
1.490159
1.670499
1.960839
2.119501
2.550476
2.670295
2.810590
2.951293
3.274648
3.542336
3.729229
3.848617
4.032336
4.164263
4.310998
4.459660
4.608050
4.752471
4.899841
5.053424
5.207936
5.351429
5.511338
5.647642
5.949773
5.999819
6.290318
6.604558
6.939751
7.092177
7.240703
7.386440
7.541610
7.672698
7.804921
7.978118
8.117551
8.264377
8.407007
8.569093
8.709434
8.997324
9.305737
9.598572
9.906530
10.508753
