0.000000
0.305533
0.562744
0.848027
1.092789
1.366939
1.632744
1.906780
2.170454
2.285397
2.435125
2.650113
2.710317
2.973878
3.106576
3.191882
3.256463
3.517506
3.777936
4.103968
4.309184
4.571950
4.809456
5.107642
5.262290
5.373560
5.625918
5.900567
6.160091
6.232222
6.299388
6.429728
6.692381
6.956939
7.217505
7.273855
7.335691
7.495578
7.757823
7.870522
8.024943
8.259887
8.548141
8.796394
9.076417
9.335782
9.408163
9.475896
9.603515
9.870658
9.982880
10.132676
10.393832
10.453606
10.512993
10.669024
10.938276
11.050952
11.201043
11.462222
11.521270
11.581406
11.735850
11.999864
12.257710
12.470544
12.717846
13.139592
13.209207
13.296531
13.611111
13.820952
14.083537
14.346258
14.613650
14.881292
15.071678
15.230068
15.315873
15.408957
15.536712
15.750749
15.912245
15.984762
16.090975
16.244263
16.398594
16.729525
16.801723
