0.000000
0.183016
0.290431
0.471565
0.587551
0.878254
1.058571
1.148209
1.475964
1.651293
1.766145
1.855760
1.949660
2.050249
2.354082
2.647710
2.830159
2.910952
3.040068
3.132880
3.229297
3.393129
3.476531
3.537574
3.727710
3.827823
4.106281
4.397211
4.698254
5.006236
5.181474
5.232517
5.296848
5.470046
5.591610
5.774195
5.867324
6.183946
6.355397
6.447415
6.659479
6.742585
7.034966
7.323537
7.546939
7.652834
7.741724
7.834082
7.931202
8.097279
8.190317
8.518186
8.636848
8.797166
8.967324
9.090975
9.365895
9.691112
9.831451
