0.000000
0.065714
0.142653
1.122154
1.533764
1.988095
2.043469
2.458912
2.721360
2.837143
2.934104
3.059955
3.148209
3.350590
3.488481
3.572834
3.689524
3.788435
3.903401
4.002086
4.132925
4.201157
4.435442
4.544762
4.648209
4.762268
4.854263
4.988458
5.044195
5.308912
5.431406
5.482245
5.740431
5.867800
5.955782
6.163447
6.288640
6.387959
6.585783
6.735941
6.806213
7.048481
7.166100
7.260612
7.379320
7.469388
7.607982
7.674104
7.801361
7.894082
8.019818
8.106894
8.326553
8.454422
8.543515
8.671111
8.754354
8.913469
8.978164
9.188844
