0.000000
0.197279
0.292268
0.579728
0.882948
1.036667
1.335420
1.460975
1.651497
1.749002
1.996984
2.146803
2.258798
2.334875
2.489161
2.613900
2.786621
2.910522
3.188004
3.265601
3.359116
3.499932
3.579116
3.654898
3.907415
4.033084
4.088707
4.341247
4.473084
4.554014
4.666145
4.847256
4.947914
5.245692
5.350453
5.529546
5.690771
5.826530
5.898821
5.993175
6.266304
6.416508
6.704558
6.769592
6.882358
6.995397
7.171270
7.277030
7.455941
7.570862
7.729025
7.855487
8.022244
8.151293
8.253356
8.424648
8.484558
8.580295
8.649932
8.712540
8.826055
9.008322
9.280477
