0.066667
0.144762
0.195578
0.442086
0.616871
0.668481
0.723673
0.796213
0.920068
0.995420
1.051429
1.103107
1.163379
1.257914
1.348753
1.464966
1.525306
1.603946
1.680680
1.790839
1.860658
1.950567
2.067188
2.264308
2.485193
2.636848
2.784172
2.845306
3.079660
3.207982
3.272835
3.412585
3.646259
3.785714
3.995692
4.235238
4.384444
4.545896
4.672540
4.798141
4.960589
5.120272
5.367959
5.527823
5.660839
5.899025
6.070658
6.251950
6.520680
6.659932
6.820952
7.045805
7.228390
7.408957
7.636576
7.794535
7.953719
8.197506
8.342993
8.534445
8.933605
9.082041
9.326712
9.458798
9.666531
9.905873
10.068957
10.243333
10.467778
10.606622
10.792291
11.036099
11.190408
