0.000000
0.135215
0.253243
0.388571
0.520136
0.650952
0.780567
0.914694
1.029683
1.166032
1.286077
1.423741
1.541497
1.673379
1.795805
1.928141
2.045873
2.179569
2.300045
2.440317
2.560816
2.696032
2.817846
2.951837
3.067075
3.202585
3.311383
3.452018
3.566735
3.695646
3.827370
3.938685
4.077687
4.216190
4.327392
4.460181
4.582268
4.710952
4.836735
4.970680
5.085783
5.220091
5.337936
5.472177
5.592744
5.724150
5.853719
5.987664
6.103084
6.234603
6.369297
6.503809
6.624013
6.756372
6.886644
7.018934
7.141565
7.245488
7.369682
7.527120
7.643583
7.781678
7.888594
8.026281
