0.000000
0.269048
0.547574
0.818390
0.929410
1.088821
1.187959
1.247415
1.349705
1.466349
1.642517
1.925374
2.081814
2.189909
2.354853
2.449841
2.501587
2.570657
2.766009
3.049161
3.179002
3.318027
3.448095
3.572767
3.856894
4.127256
4.286803
4.399796
4.678934
4.976213
5.261746
5.356440
5.522336
5.665669
5.783583
5.872993
6.069229
6.348073
6.504218
6.616304
6.759002
6.812562
6.892698
7.177097
7.444127
7.594399
7.707052
7.847959
7.971973
8.246099
8.518299
8.674603
8.765193
8.817142
9.069796
9.364875
9.512653
9.631701
9.770226
9.887937
9.993560
10.149161
10.216689
10.318730
10.427687
10.591905
10.703945
10.863696
10.968208
11.091474
11.157415
11.248526
11.532222
11.706168
11.804150
11.949841
12.063673
12.181995
12.311678
12.599071
12.867188
13.024059
