0.000000
0.050272
0.164036
0.578299
0.849501
1.139751
1.382789
1.558753
1.623583
1.685964
1.904921
2.254626
2.514966
2.800408
3.068435
3.339093
3.601224
3.812200
3.876576
4.143447
4.280884
4.352086
4.410476
4.693220
4.961089
5.220953
5.502857
5.749524
5.896145
6.041973
6.301361
6.445238
6.575646
6.858594
7.136417
7.421519
7.561360
7.696916
7.809569
7.954943
8.139502
8.216350
8.496122
8.628934
8.765012
9.019071
9.296123
9.519320
9.858730
10.105351
10.256598
10.387097
10.663629
10.781111
10.915352
10.981066
11.039773
11.167574
11.454649
11.729751
11.816576
11.985646
12.114784
12.229864
12.335918
12.519410
12.773719
12.915851
13.034263
13.298549
13.554671
13.852494
14.131179
14.366667
14.686485
14.840091
14.960158
15.245986
15.432721
15.506190
15.787483
