0.000000
0.168549
0.294671
0.450862
0.577596
0.867302
1.042925
1.141814
1.318186
1.414513
1.591088
1.731769
2.010091
2.180272
2.310091
2.464943
2.565918
2.733220
2.865556
3.150771
3.312653
3.429932
3.602540
3.719433
3.885941
4.013061
4.290363
4.454240
4.585011
4.745510
4.845623
5.014581
5.147551
5.440658
5.604467
5.719433
5.860794
6.006598
6.179977
6.309637
6.591338
6.766916
6.865283
7.041360
7.166281
7.316848
7.449728
7.738481
7.915669
8.026871
8.193311
8.301746
8.410431
8.599138
8.752336
9.059297
