0.000000
0.135896
0.290884
0.460272
0.626327
0.792358
0.977188
1.122472
1.290249
1.447664
1.610249
1.773061
1.929955
2.078390
2.272653
2.429116
2.584580
2.747460
2.919410
3.087234
3.257869
3.414354
3.573515
3.728617
3.894535
4.051973
4.216576
4.374490
4.538821
4.700046
4.994150
5.046939
5.198141
5.345692
5.505397
5.675283
5.845102
5.990930
6.169048
6.323923
6.493175
6.649229
6.805442
6.960544
7.132789
7.256394
7.455555
7.605556
7.783039
7.937869
8.112109
8.261746
8.425012
8.585963
8.767211
8.906032
9.067959
9.221905
9.390680
9.545374
9.705102
9.863446
10.033854
10.186349
