0.000000
0.338685
0.675850
0.984240
1.154354
1.322449
1.641429
1.799410
1.964603
2.133401
2.258775
2.434921
2.574127
2.925873
3.245918
3.550068
3.719569
3.892789
4.041338
4.211156
4.382267
4.541497
4.717075
4.856553
5.018685
5.161497
5.529819
5.828050
6.156032
6.235170
6.307052
6.384626
6.458753
6.617574
6.778639
6.946168
7.091088
7.269388
7.402018
7.571905
7.741565
7.919433
8.054762
8.228322
8.390726
8.630000
8.703446
8.871723
9.028730
9.184331
9.337574
9.511995
9.655850
9.841814
9.974671
10.133310
