0.000000
0.236349
0.455397
0.921383
1.136644
1.343333
1.581429
1.821066
1.986508
2.225352
2.667574
2.901678
3.012268
3.092268
3.213764
3.305125
3.531701
3.971837
4.297369
4.401134
4.609728
4.836032
5.046054
5.289773
5.735079
5.959547
6.047188
6.175578
6.276304
6.365873
6.598208
6.693038
6.789002
7.029070
7.473923
7.943900
8.162880
8.378843
8.604966
9.004286
9.236938
9.461157
9.687529
9.902947
10.120749
10.346553
10.596712
10.764558
11.002291
11.224377
11.448935
11.664309
11.884150
12.110023
12.335963
12.422812
12.731270
12.977007
13.053243
13.301610
13.382767
13.775737
