0.000000
0.063946
0.133651
0.268345
0.389138
0.516009
0.666757
0.767234
0.915601
1.000272
1.274331
1.463787
1.685828
1.744308
1.937664
2.160272
2.397664
2.623016
2.842313
3.089796
3.198639
3.306190
3.422653
3.527256
3.757778
3.883106
3.984921
4.099932
4.167574
4.435147
4.659410
4.874784
5.095714
5.343288
5.586417
5.815737
5.995329
6.055918
6.277438
6.430091
6.504445
6.748163
6.980453
7.189955
7.419274
7.531247
7.648481
7.765714
7.893039
8.092245
8.235737
8.322743
8.564218
8.785487
9.011225
9.256167
9.492018
9.707891
9.903107
10.161860
10.399728
10.628639
10.838616
11.078073
11.161451
11.311724
11.432494
11.485034
11.706349
11.789229
11.978390
12.437392
12.668934
12.902857
13.143538
13.378050
13.592336
13.828254
13.943084
14.049456
14.168163
14.265828
14.372766
14.475827
14.607687
14.689342
14.805465
14.911973
15.025941
15.125964
15.232653
15.283107
15.343243
15.453107
