0.000000
0.082018
0.405737
0.642812
0.807234
0.926077
1.061293
1.168707
1.335170
1.436667
1.693288
1.842381
1.945306
2.082018
2.360952
2.412268
2.632744
2.693832
2.842540
2.956553
3.096599
3.205465
3.371769
3.455986
3.623243
3.709977
3.862132
3.971338
4.092903
4.172018
4.232744
4.434172
4.650114
4.730045
4.874218
4.981497
5.115329
5.231156
5.354376
5.486803
5.663401
5.745964
5.883039
5.992109
6.125125
6.180476
6.262562
6.377959
6.490159
6.669478
6.745488
6.895238
7.001723
7.136281
7.241769
7.494173
7.742766
7.873628
7.983084
8.112086
8.494263
8.740317
8.888934
9.006167
9.139138
9.248866
9.365396
9.509910
9.745941
9.900929
10.002971
10.145011
10.433809
10.510045
10.685080
10.767551
10.914104
11.025419
11.159682
11.274263
11.384921
11.536009
11.708209
11.772449
11.936576
12.040635
12.187234
12.302835
12.469229
12.542811
12.721451
12.799637
12.941133
13.052767
13.189818
13.305919
13.422064
13.568095
13.721791
13.820477
13.969184
14.070113
14.221406
14.522562
14.584694
14.736168
14.839184
14.976009
15.029139
15.095873
15.242290
15.332472
15.449365
15.586916
15.705329
15.831066
15.943719
16.062132
