0.000000
0.172200
0.294263
0.495011
0.652268
0.810658
0.960907
1.117732
1.235805
1.402630
1.558095
1.713016
1.850590
2.017234
2.162653
2.330612
2.479478
2.636327
2.786508
2.945578
3.075238
3.260136
3.410000
3.571610
3.722222
3.864014
3.991882
4.175374
4.324512
4.495782
4.560340
4.633152
4.792857
4.936054
5.093129
5.249411
5.312812
5.405964
5.562812
5.723900
5.866939
6.032699
6.175193
6.256485
6.320635
6.476916
6.635148
6.784150
6.951837
7.094127
7.196394
7.252630
7.398640
7.559274
7.709887
7.870090
8.025102
8.183809
8.334490
8.492630
8.641678
8.785737
8.931746
9.086916
9.237370
9.391043
9.541406
9.701837
9.853129
10.009229
10.167551
10.323810
10.481293
10.646168
10.796893
10.951293
11.101202
11.222993
11.396145
11.553356
11.699456
11.869093
11.991179
12.159819
12.313039
12.399365
12.469910
12.624557
12.779774
12.916985
13.097619
13.245624
13.409547
13.535601
13.700499
13.857369
14.010748
14.148209
14.306168
14.362631
14.451315
14.615011
14.733356
14.914490
15.080930
15.241474
15.398186
15.552812
15.682948
15.871020
16.018822
16.176235
16.318027
16.479933
16.623402
16.790476
16.929615
17.092222
17.222086
17.397030
17.449070
17.543243
17.711134
17.864264
18.021067
18.127142
18.323650
18.469547
18.612404
18.758865
18.911837
19.067484
19.224037
19.367664
19.526371
19.672403
19.729637
