0.000000
0.117868
0.229796
0.338413
0.450884
0.664512
0.787664
0.887914
1.018639
1.105601
1.232834
1.327891
1.451179
1.539955
1.668345
1.768844
1.890658
1.988775
2.110635
2.214059
2.330862
2.425465
2.538345
2.645578
2.758775
2.865488
2.985533
3.088707
3.208390
3.293923
3.405646
3.518163
3.637551
3.737551
3.876871
3.953311
4.082449
4.177846
4.309297
4.408050
4.618345
4.726485
4.831927
4.962563
5.055601
5.183628
5.263333
5.381496
5.483061
5.609229
5.708707
5.839093
5.925283
6.029569
6.139660
6.262041
6.355487
6.463288
6.555306
6.671814
6.776735
6.897256
