0.000000
0.071497
0.238050
0.390045
0.597415
0.656349
0.740816
0.807574
1.015374
1.110884
1.176054
1.395533
1.587551
1.767846
1.839161
1.952472
2.011633
2.137664
2.260340
2.327823
2.463175
2.526621
2.720975
2.906236
2.969501
3.053447
3.138299
3.242744
3.474626
3.640181
3.758708
3.811519
3.878844
4.083152
4.145987
4.258980
4.399660
4.470363
4.659909
4.845079
4.966100
5.029683
5.184853
5.409070
5.558345
5.729025
6.057188
6.117438
6.204422
6.369388
6.447732
6.505669
6.662789
6.738957
6.832426
6.894626
7.139773
7.240295
7.327868
7.400385
7.481225
7.625918
7.698617
7.858594
7.975533
8.053628
8.213129
8.432585
8.578912
8.731996
8.796508
9.064943
9.156916
9.387257
9.550272
9.658367
9.741746
9.801406
9.914830
10.136531
10.320386
10.439887
10.508208
10.611202
10.683288
10.865396
10.958617
11.050703
11.171269
11.235057
11.302630
11.407188
11.566485
11.676939
11.743537
11.890567
11.944672
12.003560
12.062063
12.144399
12.240975
12.495533
12.658731
12.758299
12.815465
12.896326
12.979795
13.074966
13.177415
13.259319
13.389093
13.588096
13.642812
13.727302
13.811429
13.925442
13.995828
14.176350
14.295487
14.369842
14.553039
14.750091
14.882517
14.958934
15.056961
15.111428
15.296621
15.346916
15.419229
15.493515
15.681542
15.770794
15.871723
16.063810
16.245872
16.412380
16.572517
16.683470
16.757868
16.856417
16.930658
17.155691
17.314331
17.524082
17.695034
18.051020
18.133060
18.387915
18.472971
18.640816
18.833561
18.973877
19.211859
19.326553
19.391588
19.497755
19.556553
19.755396
19.863289
19.931587
20.109478
20.173355
20.306894
20.455759
20.647142
20.730341
20.855373
20.906168
20.987665
21.049070
21.105261
21.223106
21.367392
21.607460
21.820114
21.982517
22.127573
22.231428
22.394239
22.510544
22.884670
23.081112
23.251497
23.448118
23.573380
23.628004
23.817076
