0.000000
0.540181
0.671134
0.790068
1.042608
1.179410
1.290703
1.556984
1.690680
1.806440
1.929819
2.055510
2.183356
2.294513
2.429773
2.573537
2.689728
2.822676
2.941497
3.071633
3.190521
3.273583
3.443537
3.576621
3.705102
3.838390
3.944603
4.050272
4.209660
4.321383
4.443537
4.574331
4.711066
4.836848
4.954739
5.091905
5.219864
5.336621
5.606417
5.734422
5.852993
5.948685
6.108458
6.230567
6.348979
6.476326
6.618957
6.723152
6.808504
6.863220
6.973628
7.093084
7.237030
7.347030
7.475374
7.586168
7.745578
7.841655
7.978730
8.087007
8.356326
8.611519
8.743311
8.869161
8.987868
9.128662
9.248843
9.365669
9.619637
9.748140
9.887687
10.004875
10.137800
10.264059
10.361588
10.506621
10.633923
10.790862
10.909274
11.018776
11.156054
11.270000
11.356236
11.651950
11.768072
11.907188
12.025215
12.175963
12.302041
12.413900
12.536032
12.666485
12.804059
12.929093
13.047166
13.184195
13.312177
13.428911
13.699728
13.827551
13.945080
14.041565
14.200703
14.322721
14.442313
14.568617
14.711020
14.816894
14.901428
14.955261
15.066463
15.185419
15.330000
15.442789
15.567959
15.678435
15.837936
15.933900
16.072268
16.197710
16.714308
16.844263
16.964172
17.217165
17.352947
17.464081
17.729094
17.864037
17.979160
18.103128
18.228367
18.356146
18.467257
18.602880
18.746122
18.862789
18.995375
19.115351
19.244421
19.365850
19.447052
19.618435
19.749456
19.878775
20.011541
20.117552
20.223583
20.382856
20.495012
20.616961
20.747120
20.885509
21.009638
21.128004
21.264921
21.392925
21.509592
21.781656
21.908525
22.025555
22.122675
22.281361
22.403288
22.524399
22.649298
22.791407
22.898344
22.982449
23.035782
23.147369
23.266123
23.411610
23.523605
23.648912
23.759138
23.918684
24.014626
24.155056
24.260159
24.530590
24.784988
24.917301
25.042381
25.161474
25.301905
25.423016
25.538572
25.792313
25.921972
26.060703
26.178661
26.311382
26.436893
26.534580
26.682041
26.806894
26.964716
27.082314
27.192947
27.331360
27.444241
27.529478
27.825056
27.940975
28.079727
28.198753
28.349184
28.475487
28.589138
28.709524
28.839478
28.979252
29.101746
29.220612
29.358866
29.485510
29.601950
29.861814
30.001043
30.117596
30.215624
30.373741
30.495533
30.617052
30.741678
30.883469
30.991270
31.075193
31.128027
31.239977
31.358526
31.505215
31.615534
31.741768
31.851679
32.011200
32.107212
32.248299
32.370430
32.887325
33.017281
33.137257
33.390862
33.525806
33.637688
33.901745
34.036961
34.151882
34.275917
34.401134
34.528912
34.640022
34.775509
34.918842
35.035690
35.168049
35.288368
35.417164
35.539162
35.619911
35.791042
35.922428
36.051971
36.184151
36.290318
36.397301
36.666328
36.918617
37.052223
37.177731
37.294830
37.438164
37.557777
37.672493
37.946033
38.058300
38.198299
38.312107
38.448074
38.570271
38.693310
38.816010
38.940750
39.098232
39.220024
39.328140
39.464512
39.580498
39.663651
39.963356
40.075081
40.218548
40.333809
40.492859
40.618774
40.730770
40.852745
40.983196
41.120953
41.245804
41.363945
41.500885
41.628910
41.745647
42.017006
42.144352
42.261768
42.358391
42.517368
42.639389
42.759502
42.885353
43.027573
43.133923
43.218300
43.271950
43.383289
43.502155
43.646893
43.759705
43.884762
43.995193
44.154694
44.250725
44.389297
