0.000000
0.272472
0.412812
0.531519
0.669819
0.775624
0.887619
1.019660
1.148118
1.257302
1.506984
1.646780
1.722698
1.861859
1.932154
1.993333
2.104172
2.325556
2.477415
2.581224
2.690454
3.043832
3.322608
3.423084
3.672041
3.808844
3.926281
4.053991
4.112132
4.166168
4.269728
4.404762
4.548594
4.641293
4.898118
5.032403
5.144898
5.287823
5.396531
5.521270
5.630023
5.738572
5.877211
5.992698
6.098186
6.319728
6.584920
6.698639
6.761497
6.825533
6.930000
7.078208
7.254830
7.313175
7.417188
7.549161
7.681633
7.780680
8.037324
8.172086
8.258753
8.427823
8.526077
8.633514
8.783968
8.891610
9.030046
9.113742
9.242177
9.380181
9.442267
9.558867
9.700250
9.853084
9.935511
10.070748
10.186848
10.275918
10.416531
10.527506
10.631701
11.002472
11.117959
11.224535
11.456100
