0.000000
0.155760
0.224082
0.307143
0.441610
0.564898
0.754762
0.909025
1.018912
1.072358
1.211746
1.335782
1.393946
1.493900
1.681882
1.778299
1.833175
1.984535
2.086984
2.286054
2.377211
2.981315
3.049660
3.330839
3.515215
3.600975
3.778390
3.951746
4.116304
4.251179
4.431655
4.497143
4.586440
4.756123
4.854558
5.019048
5.187415
5.347506
5.430091
5.652630
5.790975
5.941565
6.050181
6.116032
6.274308
6.408435
6.553288
6.682539
6.840612
6.979229
7.124286
7.274943
7.430726
7.581089
7.870590
8.173016
8.310000
8.490816
8.630363
9.067845
9.222517
9.402404
9.541904
9.680657
9.825828
9.985510
10.124671
10.271701
10.412699
10.585420
10.723492
10.867007
10.991361
11.170431
11.327619
11.462472
11.617166
11.924376
12.373719
12.647800
12.994014
13.130839
13.276712
13.438503
13.592767
13.867393
14.047415
14.171950
14.337846
14.482132
14.591474
14.782063
14.922494
15.071655
15.217642
15.383152
15.531950
15.679206
15.824037
15.969184
16.118458
16.246847
16.379366
16.534286
16.585669
16.860432
16.969183
