0.000000
0.441587
0.758209
1.011429
1.262177
1.367007
1.486213
1.726485
1.966145
2.118277
2.169229
2.304898
2.446576
2.707937
2.830227
2.945420
3.184807
3.300408
3.420884
3.669229
3.915057
4.173174
4.291293
4.408934
4.657574
4.782313
4.901542
5.029728
5.140930
5.266032
5.352449
5.631950
5.760658
5.879818
6.018299
6.124535
6.244513
6.370227
6.621451
6.750385
6.861814
7.111837
7.229025
7.346077
7.592993
7.834785
7.974648
8.076508
8.207211
8.315941
8.564966
8.692063
8.809887
9.047551
9.162562
9.273424
9.519887
9.646644
9.703061
9.777052
10.024127
10.146848
10.264581
10.499184
10.634648
10.750635
10.876916
11.011179
11.128957
11.246122
11.489955
11.632653
11.740023
11.985783
12.114445
12.202108
12.255533
12.485329
12.595646
12.720045
12.964898
13.081247
13.177710
13.398844
13.477687
13.622335
13.738685
13.825419
13.977891
14.083537
14.306190
14.455329
14.558844
14.672630
14.794580
14.847143
14.912903
15.028821
15.156417
15.273016
15.393084
15.517369
15.612358
