0.000000
0.543855
0.815556
1.048617
1.189682
1.299161
1.531927
1.815102
2.079841
2.232766
2.317324
2.577370
2.820703
2.953605
3.072630
3.334308
3.487914
3.573243
3.720295
3.812971
3.970386
4.078775
4.216372
4.300136
4.571678
4.833855
5.094014
5.241111
5.329229
5.577733
5.836236
6.113492
6.220884
6.477483
6.597891
6.755465
6.985102
7.112109
7.224308
7.351202
7.472993
7.600227
7.723152
7.833356
7.978617
8.129910
8.644082
9.175963
9.280090
9.423243
9.660907
10.079864
10.177778
10.320340
10.442676
10.687279
10.959750
11.089184
11.208957
11.317868
11.455034
11.700385
12.106191
12.217166
12.334422
12.485579
12.734468
13.137392
13.230521
13.365352
13.507959
13.741089
14.154331
14.260907
14.414376
14.513583
14.666531
14.743855
15.003198
15.155510
15.394920
15.506712
15.629138
15.756123
15.879546
15.997483
16.104965
16.251202
16.394875
16.474127
16.634285
16.773174
16.826191
17.019365
17.102358
17.165941
17.288593
17.543583
17.684149
17.814058
18.040363
18.366167
18.508595
18.633787
18.769615
18.900770
19.042698
19.176212
19.281610
19.413153
19.663561
19.931429
20.074808
20.235668
20.321020
20.385239
20.454988
20.589954
20.718708
20.846554
20.984035
21.247574
21.523355
21.674059
21.806803
21.921926
22.068708
22.184422
22.294830
22.582087
22.727913
22.849638
22.958050
23.105738
23.348799
23.501745
23.653719
23.765079
23.887323
24.016758
24.144875
24.409115
24.662926
24.796757
24.928299
25.058435
25.185534
25.304308
25.423130
25.564331
25.656168
25.726711
25.851179
25.939932
26.008345
26.084105
26.159094
26.225012
26.359819
26.457552
26.617460
26.734377
26.858095
26.973696
27.038708
27.111065
27.247278
27.517618
27.611542
27.675510
27.746214
27.802629
27.966259
28.060204
28.129478
28.206984
28.284491
28.347347
28.511110
28.596600
28.663900
28.743969
28.857868
28.977188
29.096008
29.163242
29.231316
29.313650
29.367687
29.626713
29.877754
30.071451
30.150408
30.315079
30.402857
30.653854
30.831949
30.918753
31.046734
31.187914
31.287460
31.402811
31.555283
31.780725
31.930340
32.029003
32.150181
32.270157
32.395443
32.520386
32.634171
32.757870
32.874943
32.998913
33.105465
33.239571
33.365463
33.434559
