0.000000
0.478549
0.692880
1.058526
1.158662
1.381270
1.493810
1.780952
2.024354
2.253583
2.365488
2.686485
2.904989
3.007188
3.126417
3.228322
3.323946
3.426440
3.522630
3.660227
3.772676
3.983084
4.186735
4.410861
4.537551
4.632041
4.857052
5.010816
5.122154
5.195193
5.729138
5.780771
5.948209
6.068390
6.130340
6.230363
6.356145
6.500159
6.557097
7.003016
7.070113
7.527619
7.743628
8.182381
8.243265
8.466236
8.578935
8.794535
8.877869
9.246145
9.449977
9.529955
9.896576
10.090385
10.183356
10.530907
10.616213
10.739070
10.851701
11.056145
11.263447
11.614921
11.720476
11.920816
12.038118
12.142471
12.221519
12.311043
12.430068
12.536213
12.647234
12.749501
12.971610
13.068141
13.163900
13.293015
13.387981
13.589773
13.662948
13.720884
13.773424
