0.000000
0.161406
0.465193
0.624127
0.728957
0.850453
0.962404
1.081519
1.179773
1.429002
1.550703
1.664558
1.778844
1.896667
2.014354
2.120522
2.370975
2.494127
2.609184
2.714127
2.839569
2.955148
3.070136
3.289637
3.340862
3.448866
3.566100
3.660930
3.773107
3.922903
4.026871
4.157415
4.277030
4.405306
4.531542
4.635125
4.756553
4.873447
4.976735
5.235919
5.351020
5.477551
5.585783
5.699025
5.814195
5.930748
6.174558
6.282268
6.410113
6.523674
6.641293
6.750159
6.871723
7.081360
7.137687
7.233197
7.351020
7.442177
