0.000000
0.241020
0.443764
0.647982
0.746689
0.852109
0.970703
1.061429
1.258163
1.466962
1.560975
1.666712
1.897778
2.093696
2.295284
2.401111
2.495283
2.607506
2.700295
2.903039
3.103923
3.203016
3.319683
3.534717
3.740431
3.932268
4.035125
4.124875
4.245329
4.328526
4.529614
4.728889
4.951724
5.252517
5.537302
5.841247
6.116893
6.411655
6.485578
6.739773
7.019388
7.073401
7.315238
7.394286
7.621066
7.672359
7.884377
8.098481
8.406054
8.696463
8.984535
9.290181
9.565147
9.647937
9.849728
9.959229
10.140907
10.245011
10.441950
10.810476
11.114399
11.556939
11.852132
11.966350
12.362676
12.649909
