0.000000
0.021633
0.258345
0.515896
0.652630
0.774127
0.890771
1.029116
1.132041
1.238821
1.362268
1.489342
1.626871
1.752268
1.866236
1.957574
1.984626
2.224717
2.465805
2.718957
2.816916
3.094104
3.198549
3.358957
3.461519
3.613832
3.715261
3.821701
3.934286
4.428209
4.713651
4.824875
4.962653
5.086122
5.436984
5.559909
5.689546
5.806893
5.933311
6.424467
6.733084
6.982177
7.253288
7.389433
7.489796
7.633220
7.729184
7.860771
7.967664
8.086372
8.213469
8.314535
8.572200
8.654717
8.885714
9.051361
9.168866
9.222948
9.316485
9.408685
9.544308
9.660862
9.752426
10.263039
10.602336
10.736508
10.839569
10.910930
10.976916
11.088435
11.161950
11.202336
11.242993
11.418413
