0.000000
0.352472
1.029592
1.198413
1.316054
1.498435
1.621701
1.784150
1.917188
2.134195
2.205011
2.504785
2.673016
2.801723
2.946100
3.088140
3.258503
3.353968
3.496122
3.661474
3.746871
3.815488
3.942993
4.257846
4.369886
4.537392
4.593129
4.687256
4.871837
5.000023
5.162086
5.274943
5.551565
5.725306
5.853242
6.010408
6.145601
6.314263
6.410499
6.688844
6.968072
7.262630
7.422381
7.526100
7.700499
7.822834
8.002381
8.134625
8.285601
8.422109
8.592698
8.713175
8.835011
8.983855
9.106168
9.388526
9.648663
9.778844
9.876802
