0.000000
0.169093
0.329342
0.490249
0.648322
0.809478
0.958934
1.126213
1.284875
1.444082
1.599909
1.757936
1.923152
2.083220
2.236191
2.557007
2.719138
2.881134
3.039592
3.206803
3.369841
3.513129
3.680431
3.782698
3.853719
4.002267
4.159841
4.320817
4.483107
4.640045
4.786871
4.944445
5.092857
5.256440
5.417574
5.575624
5.737052
5.896417
6.050068
6.213197
6.375261
6.531678
6.688617
6.846689
7.007823
7.172562
7.327370
7.644830
7.804354
7.966553
8.126372
8.291134
8.456485
8.604331
8.767642
8.872018
8.941724
9.088300
9.249773
9.405987
9.568232
9.726485
9.873923
10.033107
