0.000000
0.320635
0.402585
0.531497
0.634172
0.738707
0.855170
0.958027
1.052971
1.167642
1.267392
1.483424
1.690839
1.779615
1.887823
1.992903
2.099909
2.190363
2.401406
2.509070
2.621428
2.708662
2.814445
2.929161
3.008571
3.209138
3.317506
3.430045
3.530000
3.629637
3.740272
3.815533
3.943379
4.155419
4.350748
4.460726
4.570590
4.658118
4.799592
4.892154
4.982109
5.093220
5.179524
5.290499
5.391134
5.487959
5.686145
5.743333
5.877324
5.986327
6.086531
6.189206
6.399728
6.823220
7.004286
7.145918
7.352041
7.473515
7.676236
7.774807
7.880136
8.089569
8.488345
8.600748
8.706802
8.795691
8.880499
9.018934
9.134354
9.337279
9.557165
9.766712
9.980159
10.090476
10.427755
10.857142
11.170408
11.388753
11.599796
11.700839
11.925692
12.146304
12.360635
12.587166
12.795034
13.027733
13.128118
13.225623
13.371519
