0.000000
0.087029
0.171950
0.334172
0.654626
0.958413
1.131429
1.408005
1.779615
1.893946
2.061315
2.397143
2.543265
2.606304
2.711723
2.849456
3.003039
3.160567
3.309796
3.641066
3.800930
3.948503
4.102585
4.244399
4.388345
4.546485
4.697347
4.866826
5.023515
5.173084
5.336191
5.495374
5.795034
6.112721
6.256463
6.419977
6.575215
6.725986
6.862925
7.007460
7.296735
7.481179
7.547211
7.640113
7.793923
7.948163
8.077574
8.238413
8.553719
8.701746
8.769909
8.871292
9.004149
9.167528
9.304626
9.474490
9.767165
9.945148
10.012245
