0.000000
0.333741
0.509864
0.618844
0.771973
0.904649
1.071383
1.126009
1.222630
1.374807
1.479252
1.651451
1.702063
1.780204
2.034762
2.225487
2.383220
2.503628
2.589229
2.660363
2.809909
2.956689
3.103084
3.234807
3.394240
3.547778
3.692199
3.833243
3.947800
4.040476
4.108005
4.266077
4.368254
4.559886
4.694853
4.853242
4.988005
5.132449
5.271746
5.426961
5.564535
5.707506
5.798776
5.882177
6.007256
6.150952
6.417936
6.470635
6.673991
6.840907
6.947438
7.013016
7.273946
7.542449
7.691406
7.797687
8.248912
8.375056
8.675012
8.822495
9.103855
9.194172
9.315306
