0.000000
0.133628
0.225714
0.363197
0.491497
0.935125
1.274580
1.367324
1.591610
1.823810
1.911655
2.074580
2.417755
2.523175
2.764648
2.974467
3.109274
3.195918
3.426939
3.670340
3.864989
3.979547
4.356236
4.566304
4.788435
4.943583
5.036485
5.280567
5.521202
5.755941
5.968708
6.106621
6.185034
6.432313
6.642653
6.746871
6.871089
6.975011
7.319614
7.542857
7.643923
7.753401
8.005487
8.230998
8.542767
8.672086
9.128367
9.377143
9.607279
9.718390
9.821247
10.054082
10.273628
10.375238
10.466621
10.602585
10.699886
10.935328
11.143969
11.244988
11.300544
11.850839
12.062585
12.166100
12.266576
12.496326
12.714376
12.960861
13.209887
13.458662
13.678503
13.917505
14.152063
14.391202
14.582108
14.863288
15.101043
15.312585
15.569025
15.784422
15.897120
16.010885
