0.000000
0.279683
0.518050
0.588526
0.867392
1.036417
1.142971
1.312744
1.405601
1.664195
1.716962
1.836463
1.998571
2.156417
2.257982
2.423742
2.547438
2.807347
3.116213
3.277506
3.360023
3.556417
3.672676
3.901361
3.967120
4.073787
4.239410
4.386395
4.488572
4.652245
4.767506
5.026961
5.342494
5.510975
5.620317
5.784603
5.885442
6.119841
6.175714
6.310635
6.457143
6.603152
6.718458
6.875420
6.993197
7.265828
7.559728
7.729592
7.803651
7.854898
7.979501
8.111588
8.225850
8.367597
8.494761
8.625578
8.744286
