0.000000
0.133129
0.268095
0.412812
0.549070
0.699501
0.834036
0.978005
1.099048
1.235805
1.370431
1.516213
1.641633
1.816100
1.935011
2.068413
2.139365
2.200159
2.339615
2.476213
2.616462
2.753946
2.893696
3.032472
3.177415
3.295215
3.433243
3.566621
3.706168
3.837211
4.124830
4.251089
4.314671
4.529864
4.589388
4.646735
4.869048
4.920249
5.191565
5.459320
5.748277
6.018503
6.292789
6.442404
6.512449
6.696508
6.834195
6.973900
7.096916
7.381996
7.652109
7.793855
7.926304
8.201565
8.338163
8.475080
