0.000000
0.285760
0.566667
0.851383
0.986485
1.124376
1.272109
1.406213
1.542676
1.675986
1.810159
1.964263
2.096258
2.181905
2.379796
2.517052
2.655646
2.789637
2.940839
3.077936
3.223560
3.358730
3.498912
3.640408
3.776916
3.920952
4.036780
4.198866
4.336531
4.413923
4.468889
4.608980
4.748957
4.893129
5.025125
5.313107
5.451451
5.530363
5.719705
5.852381
6.004943
6.133537
6.263832
6.414082
6.549660
6.610181
6.685646
6.829229
6.962812
7.106054
7.235170
7.393084
7.524898
7.671769
7.745170
7.936191
8.076530
8.210362
8.342426
8.629501
8.763333
