0.000000
0.219274
0.357574
0.430227
0.596372
0.727370
0.898934
0.951134
1.063673
1.206893
1.423469
1.564263
1.658707
1.796440
1.890204
2.030000
2.153129
2.375918
2.514331
2.619501
2.751361
2.859524
2.983832
3.089342
3.229864
3.324626
3.447279
3.556893
3.679297
3.788118
3.913515
4.050499
4.239683
4.373061
4.428504
4.520272
4.629456
4.748889
4.871383
4.998073
5.225714
5.366644
5.469138
5.590748
5.697823
5.819773
5.932131
6.178209
6.307324
6.432585
6.554490
6.664830
6.788481
6.908231
7.129320
7.268866
7.374626
7.487438
7.605147
7.729070
7.835351
8.087551
8.212472
8.311474
8.448118
8.568821
8.679297
8.816961
9.032970
9.166871
9.279161
9.391541
9.516939
9.637279
9.736757
9.987188
10.128163
10.236690
10.354581
10.477030
10.592018
10.704649
10.841995
10.923855
11.071383
11.167483
11.295487
11.406939
11.529093
11.636803
11.881542
12.004807
12.099592
12.223016
12.354263
12.476893
12.602698
12.812631
12.948640
13.059978
13.178866
13.291542
13.412086
13.521133
13.767234
13.890907
13.995306
14.133923
14.251157
14.375851
14.491247
14.716666
14.819909
14.954875
15.054898
15.170295
15.293492
15.380816
15.514263
15.613605
15.740862
