0.000000
0.145442
0.302585
0.420249
0.559388
0.691565
0.826100
0.941451
1.110726
1.383741
1.643628
1.910023
1.998753
2.103492
2.231156
2.357733
2.503719
2.637506
2.760884
3.007030
3.125805
3.295329
3.571995
3.800045
3.869184
4.090068
4.165941
4.287755
4.425488
4.484875
4.552540
4.688390
4.811338
4.959501
5.122653
5.204988
5.409138
5.468798
5.653174
5.787755
6.092721
6.253061
6.400227
6.468798
6.528980
6.653220
6.848186
6.908662
7.074558
7.192903
7.482812
7.620612
7.683265
7.745147
7.820431
7.994943
8.055465
8.132222
8.218004
8.342472
8.547709
8.647052
8.866599
8.936961
9.093787
9.169138
9.224989
9.315215
9.366077
9.478254
9.534195
9.660454
9.767165
9.998639
