0.000000
0.382971
0.855170
1.087596
1.407596
1.690635
2.119411
2.547891
2.782109
3.075805
3.391542
3.596871
3.799274
4.072109
4.203696
4.293107
4.392857
4.603787
4.699093
4.792608
4.889773
4.978481
5.223628
5.406440
5.672993
5.809728
6.011428
6.222835
6.311338
6.405533
6.502336
6.599637
6.804331
7.019478
7.295487
7.417869
7.617868
7.827914
7.922857
8.023401
8.102880
8.228458
8.415420
8.634966
8.906236
9.037755
9.228640
9.441996
9.517687
9.632607
9.832925
10.129728
10.443334
10.747936
11.029886
11.225782
11.422472
11.517982
11.621814
11.722381
11.816576
11.917483
12.013628
12.108775
12.207483
12.298027
12.397573
12.488526
12.592086
12.686553
12.783742
