0.000000
0.225170
0.326689
0.483333
0.630272
0.929887
1.098231
1.249501
1.412086
1.563311
1.721587
1.861361
2.018844
2.134195
2.328707
2.475193
2.614172
2.770567
2.900068
3.050635
3.339184
3.601882
3.797347
3.952608
4.097347
4.237687
4.443945
4.546009
4.763265
4.877369
5.196553
5.336667
5.486735
5.806349
5.976485
6.114308
6.258730
6.410431
6.566984
6.713968
6.863379
7.010499
7.154966
7.315964
7.456893
7.617891
7.771429
7.920839
8.073991
8.203560
8.379184
8.526054
8.685147
8.825533
8.973787
9.119886
9.268503
9.418435
