0.000000
0.174649
0.366190
0.547778
0.715351
0.892200
1.087710
1.485760
1.838889
2.191723
2.355102
2.528481
2.886757
3.069116
3.239229
3.408163
3.594240
3.759410
3.929841
4.095215
4.276712
4.447347
4.622744
4.790793
4.970499
5.029819
5.139750
5.324898
5.484649
5.656213
5.827075
6.010884
6.177301
6.360454
6.707483
7.059864
7.234286
7.410295
7.584716
7.719864
7.779954
7.926372
8.110952
8.265465
8.433288
8.606734
8.781905
8.955374
9.145760
9.475238
9.666168
9.850657
9.998889
10.185397
10.358209
10.540181
10.711587
10.884059
11.044036
11.220453
11.386735
11.468526
11.583537
11.715147
11.934036
12.276281
12.328548
12.512540
