0.000000
0.195397
0.287052
0.564331
0.843991
1.004535
1.055805
1.112336
1.250340
1.376825
1.514853
1.595102
1.661746
1.808299
1.916440
2.062290
2.122267
2.194649
2.352608
2.457415
2.730272
2.882698
2.999161
3.144218
3.214127
3.270635
3.416667
3.519524
3.798095
3.952789
4.056281
4.205578
4.274331
4.333968
4.490862
4.593129
4.728322
4.854603
5.025805
5.122698
5.273855
5.340725
5.401361
5.551157
5.661723
5.796190
5.929070
6.089025
6.193515
6.358118
6.461633
6.591519
6.720499
6.845352
6.991451
7.113492
7.233583
7.364875
7.501859
7.632812
7.753560
7.895125
8.011383
8.147325
8.280136
8.447597
