0.000000
0.676372
0.827642
0.953492
1.106009
1.244150
1.384195
1.518231
1.679025
1.800431
1.952109
2.080363
2.230567
2.369161
2.521723
2.641837
2.955397
3.102971
3.228163
3.380658
3.513401
3.664376
3.798798
3.948390
4.082222
4.226848
4.358322
4.489025
4.639977
4.821134
4.925034
5.235397
5.384172
5.516689
5.663832
5.776916
5.941542
6.079524
6.230612
6.363401
6.508662
6.643039
6.793719
6.926667
7.068866
7.192653
7.501542
7.658299
7.779569
7.936758
8.075579
8.225760
8.360907
8.516757
8.644649
8.790771
8.926213
9.082222
9.202018
9.376962
9.492903
