0.000000
0.243651
0.472789
0.686372
0.911020
1.025714
1.131020
1.352222
1.577596
1.793469
2.007732
2.228118
2.443038
2.506168
2.661451
2.783016
2.888798
2.993855
3.097664
3.201565
3.283356
3.383447
3.525646
3.741814
3.967370
4.257664
4.378163
4.604853
4.839343
5.054173
5.271927
5.371564
5.493220
5.595419
5.717914
5.928730
5.988843
6.146735
6.253242
6.356871
6.586576
6.801973
7.037687
7.265828
7.377098
7.485692
7.701406
7.802245
7.921905
8.150068
8.281655
8.361451
8.590726
8.695556
8.805147
8.918934
9.034626
9.130295
9.267756
9.489183
9.723333
9.832199
9.919411
10.172857
10.393786
10.623855
10.848639
10.977369
11.083787
11.304217
11.521769
11.752744
11.966916
12.197936
12.416916
12.530862
12.634150
12.867528
13.089705
13.151247
13.317142
13.449093
13.536735
13.776984
13.981587
14.226803
14.459320
14.567823
14.681951
14.897891
15.120476
15.223969
15.341248
15.576372
15.794105
16.004128
16.118118
16.232132
16.333765
16.466259
16.563831
16.664989
16.794943
16.898277
17.011837
17.102041
17.313673
17.573832
17.807596
18.031746
18.264944
18.485556
18.708164
18.933289
19.151882
19.370657
19.579569
19.693062
19.804262
20.032064
20.231361
20.371088
20.481701
20.547075
20.604830
20.708708
20.936373
21.087936
21.158890
21.383356
21.612246
21.840385
22.061951
22.173923
22.284626
22.391451
22.507732
22.732426
22.956598
23.175125
23.280521
23.388775
23.613085
23.824694
23.930748
24.041973
24.160069
24.255306
24.371269
24.472063
24.581656
24.684626
24.800137
