0.000000
0.401973
0.645238
0.766848
0.957959
1.145782
1.504399
1.689728
1.864422
2.017302
2.195374
2.352063
2.517097
2.706508
2.857392
3.143764
3.217143
3.546417
3.754671
3.931701
4.284989
4.453673
4.639705
4.805215
4.959070
5.132063
5.257778
5.644263
5.954671
6.370295
6.576122
6.741066
7.094966
7.269524
7.438118
7.609977
7.774150
7.953606
8.116621
8.464830
8.722744
8.834671
9.214263
9.388050
9.562744
9.916145
10.084353
10.259274
10.425737
10.589841
10.758866
10.939932
11.101406
11.263016
11.561451
11.619615
11.968050
12.144898
12.325760
12.667913
12.829955
12.993923
13.167687
13.329638
13.502789
13.656507
13.999320
14.250635
14.351451
14.711429
15.072789
15.425261
15.600295
15.767937
15.944104
16.098753
16.275715
16.437302
16.779070
