0.000000
0.175737
0.303175
0.451995
0.552721
0.697596
0.820363
0.940045
1.059478
1.219751
1.314762
1.466689
1.596689
1.720703
1.839796
1.931338
2.076962
2.198776
2.250839
2.480952
2.728458
2.983764
3.097347
3.262245
3.351497
3.539546
3.627098
3.774580
3.898617
4.026281
4.143787
4.692109
4.947959
5.070023
5.137120
5.194603
5.310794
5.447256
5.586009
5.710589
5.972041
6.234149
6.356281
6.430249
6.619932
6.724966
6.871361
6.967687
7.138254
7.235533
7.399569
7.497710
7.683016
7.757415
7.880091
8.008004
8.157755
8.269184
8.542562
8.612699
8.740839
8.800453
8.971701
9.080136
9.221768
9.318775
9.448526
9.556258
9.687098
9.765873
9.946122
10.047279
10.207823
10.330499
10.486213
10.608254
10.762993
10.825261
11.018027
11.113220
11.265941
11.379728
11.511837
11.573877
11.636077
11.786690
11.897142
12.160499
12.426281
12.592290
12.840907
12.970408
13.242676
13.384195
13.492041
13.626621
13.731270
13.869002
13.993084
14.248344
14.338390
14.392018
14.447324
14.507914
14.680839
14.754875
14.847369
14.922472
15.003175
15.161723
15.260227
15.387573
15.662041
15.770635
15.942676
16.040045
16.245464
16.319433
16.378323
16.570454
16.623425
16.806826
