0.000000
0.051791
0.422857
0.865374
1.099841
1.331746
1.552449
1.790499
2.000567
2.234943
2.465034
2.688390
2.915850
3.140000
3.357256
3.595193
3.817143
4.036395
4.280046
4.499773
4.721519
4.951315
5.180794
5.411678
5.628163
5.858730
6.092313
6.304875
6.526916
6.752358
6.973061
7.217279
7.432857
7.664127
7.896327
8.127913
8.349932
8.580408
8.803651
9.016235
9.261406
9.481066
9.718889
9.952154
10.182835
10.411792
10.630522
10.827528
11.095034
11.296123
11.532041
11.756667
11.983288
12.203583
12.426009
12.634717
12.878685
13.109070
13.341043
13.551723
13.772040
13.997393
14.224626
