0.000000
0.201429
0.257891
0.393129
0.501882
0.641678
0.744807
0.884082
1.011315
1.138163
1.261088
1.392902
1.519819
1.641088
1.756553
1.891270
2.028934
2.282744
2.412313
2.532812
2.663855
2.783923
2.915964
3.043696
3.178254
3.292835
3.434943
3.553719
3.692199
3.798141
3.944218
4.052857
4.253265
4.314445
4.442630
4.552925
4.688980
4.810499
4.941837
5.071383
5.197823
5.313878
5.454195
5.563084
5.684422
5.812721
5.960816
6.066644
6.315238
6.471701
6.556553
6.715057
6.805488
6.932517
7.055896
7.203152
7.309546
7.456191
7.560453
7.689433
7.804263
7.922766
