0.000000
0.141655
0.240590
0.420431
0.551338
0.828549
0.964989
1.098980
1.250181
1.366145
1.507370
1.644082
1.824671
1.911315
2.046871
2.190000
2.323061
2.422721
2.601837
2.731882
3.010113
3.147211
3.281202
3.431655
3.548435
3.689887
3.821746
4.008118
4.093946
4.229728
4.368549
4.505556
4.604036
4.782721
4.914013
5.192426
5.326916
5.459478
5.614286
5.731111
5.872631
6.003809
6.190363
6.276621
6.411769
6.550454
6.688163
6.785102
6.964376
7.096395
7.374921
7.505805
7.641633
7.796123
7.913469
8.054217
8.179569
8.296123
8.364263
8.436689
