0.000000
2.053447
2.200181
2.471156
2.544785
2.899955
3.074875
3.174354
3.263492
3.444195
3.596576
3.955442
4.125329
4.303696
4.483583
4.650567
4.819660
4.988186
5.181995
5.341361
5.523809
5.703537
5.878776
6.051973
6.231791
6.397052
6.574467
6.746848
6.927642
7.092857
7.266621
7.433696
7.607823
7.770272
7.972358
8.136621
8.313265
8.479501
8.663877
8.832087
9.002199
9.161860
9.519115
9.701451
9.865895
10.044399
10.203379
10.373673
10.540023
10.895215
11.073038
11.195692
11.410544
11.573038
11.750408
11.925351
12.281293
12.452699
12.619455
12.799411
12.977120
13.312698
13.672880
13.855669
14.012925
14.195080
14.361542
14.629411
14.713152
15.059297
15.230453
15.318049
15.403991
15.586621
15.642132
15.752698
15.927120
16.107370
16.418051
16.628435
16.792994
16.964399
17.130386
17.385691
17.474308
17.823061
17.998957
18.156507
18.330544
18.493788
18.675396
18.841564
19.166031
19.363651
19.523605
19.699886
19.758549
19.867098
19.936258
20.125782
20.223673
20.539841
20.718504
20.889433
21.214966
21.408617
21.576508
21.898685
22.106100
22.265284
22.444761
22.609886
22.895872
22.986599
23.295624
23.635509
23.812902
23.972267
24.146915
24.323492
24.663605
24.833990
