0.000000
0.058435
0.227528
0.721156
1.203469
1.432676
1.506281
1.680068
1.899501
2.007574
2.232064
2.320363
2.567642
2.769977
2.868141
3.103424
3.191383
3.423447
3.649433
3.876100
4.119138
4.340091
4.827755
5.294807
5.442200
5.502041
5.664966
5.980862
6.199955
6.663401
6.770544
6.872676
6.985714
7.534150
7.994195
8.373696
8.466712
8.679388
8.864127
8.952721
9.241542
9.507324
9.594852
9.871588
10.348299
10.463265
10.548572
10.773673
10.881972
10.967823
11.072268
11.207891
11.671542
12.147234
12.374944
12.591315
12.670453
