0.000000
0.146621
0.229864
0.284014
0.402132
0.542925
0.689116
0.807619
0.959615
1.070249
1.219660
1.330113
1.479524
1.595850
1.738662
1.806372
2.120295
2.279252
2.376667
2.526463
2.643946
2.904966
3.053424
3.176621
3.320363
3.431429
3.582834
3.690227
3.956712
4.165284
4.218322
4.477687
4.640295
4.746440
4.897573
5.009274
5.153900
5.273197
5.413651
5.530884
5.793107
6.052426
6.209207
6.278685
6.511043
6.581293
6.819479
7.115057
7.241406
7.378639
7.532699
7.639002
7.795896
7.873401
8.053106
8.165125
8.308549
