0.000000
0.261655
0.600975
0.693878
0.918277
1.149864
1.237800
1.401202
1.744263
1.849683
2.091134
2.300998
2.435624
2.522449
2.753560
2.996032
3.306236
3.682721
3.892699
4.115102
4.270136
4.363016
4.607029
4.847733
5.082472
5.295170
5.433106
5.511565
5.758458
5.969161
6.073129
6.197755
6.301202
6.646122
6.868549
6.970340
7.080045
7.332018
7.557528
7.869002
7.998050
8.454898
8.703107
8.933106
9.044739
9.147392
9.380453
9.598889
9.701542
9.792903
9.929093
10.026576
10.261519
10.470363
10.571338
10.627166
11.177461
11.389410
11.492653
11.592721
11.822495
12.040658
12.287324
12.536168
