0.000000
0.327664
0.511905
0.637120
0.908730
1.064649
1.187959
1.336780
1.450726
1.770091
2.057097
2.192041
2.329614
2.474240
2.602268
2.765624
2.886961
3.162109
3.329161
3.436939
3.602358
3.713651
3.874377
4.002426
4.254399
4.559886
4.847143
5.160748
5.297823
5.416485
5.570272
5.701134
5.856689
5.970476
6.127869
6.249887
6.534331
6.695782
6.812154
6.964626
7.234059
7.352948
7.507211
7.617347
7.781995
7.904104
8.060771
8.206440
8.342971
8.469706
8.624603
8.738254
8.899410
9.024354
9.326236
9.615125
9.920545
10.059683
10.189955
10.342585
10.457869
10.615487
10.737007
10.892381
11.010522
11.309252
11.592676
11.740046
11.859138
12.015034
12.138095
12.284014
12.407868
12.548345
12.661542
12.820159
12.935941
13.080068
13.196372
13.497642
13.801383
14.098821
14.394013
14.539977
14.655760
14.797234
14.928776
15.076916
15.194943
15.349206
15.462630
15.611043
15.737868
15.875306
16.000839
16.269932
16.414421
16.572948
16.624739
16.699547
16.969387
17.091610
17.381315
17.539410
17.653742
17.796894
17.854784
