0.000000
0.299252
0.447664
0.586009
0.864717
1.032902
1.140136
1.291655
1.405533
1.685238
1.855057
1.967528
2.133197
2.215601
2.393787
2.509229
2.662109
2.788118
2.933583
3.064422
3.226667
3.332880
3.490635
3.588118
3.881315
4.034603
4.162449
4.331656
4.433560
4.584853
4.709116
4.859524
4.975510
5.223197
5.277710
5.442494
5.498458
5.553356
5.704467
5.810318
5.975555
6.083968
6.341451
6.439138
6.504580
6.567528
6.638095
6.787868
6.904286
7.072177
7.175533
7.459592
7.743651
7.812630
7.883311
7.952245
8.016372
8.174943
8.289886
8.368344
8.450250
8.513809
8.570477
8.721292
