0.000000
0.148912
0.250544
0.362041
0.486349
0.632971
0.712721
0.855692
0.982063
1.117506
1.227846
1.350476
1.471338
1.610431
1.718367
1.844467
1.965896
2.089796
2.182744
2.330340
2.438027
2.585329
2.680272
2.827506
2.924376
3.067279
3.171360
3.351406
3.428322
3.581746
3.677551
3.818005
3.913764
4.057007
4.132222
4.332585
4.396054
4.526394
4.645487
4.768231
4.879932
5.011338
5.116009
5.245782
5.366009
5.479274
5.598504
5.729887
5.836213
5.972086
6.061587
6.114648
6.231723
6.300817
6.456825
6.552857
6.695283
6.792993
6.939614
7.175692
7.248934
7.409433
7.538413
7.679183
