0.000000
0.180249
0.290363
0.443243
0.559433
0.733197
0.851361
1.028095
1.130295
1.306009
1.425510
1.606122
1.722177
1.907188
2.015578
2.182585
2.293651
2.468254
2.580340
2.727574
2.858231
3.020635
3.144263
3.309637
3.429955
3.603606
3.719206
3.881746
4.001066
4.188640
4.295397
4.448934
4.564853
4.745510
4.861973
5.022041
5.138617
5.318526
5.435351
5.595397
5.714286
5.899818
6.008322
6.151905
6.282630
6.466485
6.575601
6.703946
6.851746
7.036825
7.137324
7.278163
7.408549
7.598254
7.711429
7.863197
7.991565
8.171021
8.283107
8.436281
8.564489
8.730929
8.848934
8.997233
