0.000000
0.176848
0.338503
0.518095
0.687619
0.861043
1.029909
1.201701
1.359592
1.516621
1.674558
1.824286
1.984807
2.140227
2.283832
2.456848
2.625623
2.794036
2.949025
3.101859
3.263878
3.444467
3.613084
3.769864
3.926281
4.064920
4.262268
4.383741
4.547211
4.711383
4.871066
5.018775
5.198390
5.363061
5.511111
5.675352
5.820385
6.185011
6.314422
6.379274
6.523991
6.658979
6.852767
6.993719
7.093197
7.165080
7.311905
7.469161
7.624013
7.793469
7.961474
8.118413
8.284626
8.450068
8.605873
8.772381
8.940408
9.110068
9.255601
9.429706
9.580295
9.747052
9.901565
10.052925
10.201678
10.347279
10.534331
10.662086
