0.000000
0.244558
0.374853
0.506349
0.716576
0.900998
1.006009
1.124127
1.238889
1.462494
1.629547
1.731315
1.850000
1.979728
2.200386
2.326780
2.467778
2.685510
2.818934
2.955487
3.085397
3.185034
3.416054
3.662268
3.824875
3.931927
4.143968
4.270136
4.418254
4.632245
4.799456
4.905692
5.026258
5.139229
5.364377
5.516055
5.613741
5.749592
5.852064
5.990726
6.090023
6.226462
6.340295
6.571973
6.708050
6.816054
6.954580
7.066825
7.289048
7.426304
7.551066
7.695329
7.779909
8.031746
8.276961
8.517868
8.641202
8.755170
8.881565
8.988095
9.234059
9.460385
9.598503
9.707075
9.865079
9.937982
10.067574
10.177188
10.420318
10.550227
10.658752
10.790545
10.891315
11.132449
11.251700
11.374490
