0.000000
0.187392
0.273469
0.569592
0.856599
1.146304
1.343492
1.438526
1.732109
1.994694
2.191791
2.258163
2.585011
2.876599
3.165760
3.458617
3.735533
4.038254
4.215533
4.311111
4.518458
4.598208
4.885419
5.188458
5.476372
5.736939
6.011928
6.302245
6.602789
6.895964
7.075646
7.161134
7.447710
7.580567
7.714671
7.898209
7.993855
8.194876
8.264263
8.401565
8.457597
8.560453
8.643401
8.722563
8.801701
8.885012
8.996939
9.073401
9.359433
9.661474
9.946871
10.235692
10.428594
10.504354
10.793311
11.096349
11.367936
11.557257
11.634377
11.925102
12.071927
12.186916
12.368254
12.467030
12.653538
12.731859
12.906145
13.004444
13.179750
13.299977
13.396168
13.493923
13.844694
14.148141
14.434649
14.723401
14.924082
15.007891
15.280839
15.573787
15.861836
16.055828
16.135601
16.428617
16.586327
16.643742
16.695692
16.882971
16.984104
17.187822
17.257347
17.433332
17.539593
17.646032
17.757393
17.839115
17.892221
17.984852
18.060091
18.335329
18.613289
18.902267
19.192677
19.370045
19.454762
19.744829
20.040838
20.319773
20.524761
20.594105
20.878412
21.022881
21.145464
21.310091
21.426485
21.691769
21.862585
21.964693
22.066757
22.124739
22.217731
22.311813
22.401701
22.487392
22.753288
23.053946
23.334717
23.620838
23.810226
23.895420
24.087460
24.186235
24.480045
24.663923
24.750704
25.044264
25.350067
25.613968
25.811813
25.898027
26.086054
26.180477
26.395487
26.939003
27.026281
27.310839
28.274830
28.391134
28.514082
